690	1
691	1
693	1
885	3
888	3
890	4
891	4
1027	5
850	6
856	6
859	6
878	6
879	6
892	6
913	6
915	6
920	6
932	6
933	6
937	6
877	7
887	7
907	7
1159	7
808	8
801	9
653	10
656	10
662	11
994	11
800	12
718	13
961	14
793	15
802	16
803	17
794	18
804	18
795	19
796	20
797	21
798	22
807	23
516	24
517	24
512	25
513	25
520	26
521	26
1128	27
1129	27
1134	27
570	28
572	28
575	28
1069	29
1072	29
1065	30
1070	30
573	31
576	31
1068	32
1073	32
641	40
642	40
1046	41
1047	41
1012	42
1013	42
635	43
636	43
637	44
640	44
567	45
578	45
1125	46
1126	46
1127	46
1133	46
611	47
612	47
1010	48
1022	48
1214	49
1215	49
1213	50
568	51
569	51
571	51
634	52
639	52
544	53
545	53
507	54
564	54
552	55
553	55
1216	56
1218	56
955	57
956	57
1172	58
1166	59
1084	60
773	61
1038	62
1076	63
730	64
734	64
1100	65
1101	65
1099	66
1102	67
1104	67
731	68
861	70
1110	70
1114	70
862	71
863	71
506	72
539	72
505	73
882	74
884	74
588	76
590	76
924	76
927	76
1160	76
1167	77
1103	78
1168	79
668	81
672	81
790	82
1174	82
1202	82
1059	83
1071	84
1074	84
1023	85
1024	85
1008	86
1009	87
748	88
745	89
746	90
747	91
744	92
743	93
837	94
843	94
1061	95
577	96
1178	96
574	97
579	97
580	97
582	97
587	97
592	97
608	97
632	97
683	97
697	97
718	97
741	97
838	97
1063	97
1132	97
1062	98
1066	98
916	99
928	99
722	100
1078	101
1149	101
1086	102
1088	102
1156	104
825	105
835	105
826	106
827	106
908	107
1158	107
1060	108
1064	108
751	109
518	110
559	110
514	114
561	114
546	115
557	115
522	116
537	116
554	118
555	118
508	119
509	119
921	121
923	121
934	121
586	122
589	122
591	122
832	123
833	123
1180	124
1184	124
1200	125
1201	125
1002	126
1003	126
592	127
601	128
604	128
607	129
608	129
606	130
613	130
610	131
742	132
750	132
599	133
600	133
841	134
842	134
701	135
708	135
1098	137
1105	137
1110	137
1107	138
504	139
715	140
823	140
972	140
667	141
669	141
716	141
971	141
1111	141
1144	141
1182	142
1183	142
1198	143
1199	143
1097	144
1108	145
1111	145
503	146
1143	147
732	148
950	148
1095	148
1097	148
1106	148
1115	148
1112	149
979	150
1041	151
981	152
982	152
872	153
873	153
980	154
983	155
665	156
666	156
824	156
830	157
834	157
637	158
641	158
643	158
660	158
663	158
665	158
670	158
675	158
677	158
678	158
708	158
712	158
753	158
754	158
776	158
778	158
779	158
786	158
788	158
810	158
818	158
820	158
832	158
862	158
864	158
890	158
911	158
918	158
923	158
929	158
935	158
939	158
965	158
967	158
974	158
1000	158
1007	158
1020	158
1090	158
1102	158
1113	158
1123	158
1136	158
1140	158
1149	158
1160	158
1170	158
1194	158
1196	158
1207	158
504	159
542	159
619	159
660	159
672	159
674	159
676	159
680	159
700	159
763	159
930	159
1030	159
1096	159
503	160
541	160
618	160
636	160
640	160
642	160
659	160
663	160
664	160
669	160
671	160
674	160
679	160
699	160
707	160
711	160
717	160
723	160
725	160
752	160
759	160
762	160
770	160
773	160
775	160
777	160
780	160
781	160
783	160
785	160
787	160
809	160
816	160
817	160
819	160
821	160
831	160
852	160
861	160
863	160
889	160
910	160
919	160
922	160
924	160
938	160
948	160
960	160
961	160
964	160
966	160
973	160
991	160
1019	160
1033	160
1042	160
1054	160
1089	160
1101	160
1103	160
1107	160
1112	160
1122	160
1135	160
1137	160
1139	160
1146	160
1148	160
1159	160
1169	160
1175	160
1185	160
1193	160
1195	160
1204	160
1205	160
1206	160
1026	161
1028	161
723	162
724	162
753	162
1085	163
1087	163
752	165
1088	165
578	166
603	166
643	166
739	166
755	166
759	166
874	166
948	166
1018	166
1066	166
1099	166
1119	166
1125	166
1211	166
1219	166
754	167
792	167
906	167
1038	167
1084	167
1207	167
509	168
537	168
541	168
549	168
555	168
557	168
559	168
561	168
618	168
620	168
639	168
846	168
991	168
1021	168
1024	168
1068	168
1120	168
1214	168
1218	168
1220	168
829	170
840	170
855	170
860	170
911	171
912	171
930	171
931	171
855	172
859	172
910	172
926	172
929	172
1053	172
871	173
876	173
1052	174
1056	174
922	175
869	176
875	177
883	177
925	177
837	178
791	179
1048	179
851	180
852	180
854	180
1140	180
853	181
858	181
874	181
850	182
856	182
851	183
857	183
860	183
609	184
614	184
1153	185
523	186
525	186
527	186
529	186
531	186
533	186
535	186
610	186
622	186
941	186
990	186
1008	186
1138	186
1153	186
1212	186
524	187
526	187
528	187
530	187
532	187
534	187
536	187
611	187
942	187
1136	188
1137	188
621	189
677	189
679	189
847	189
974	189
1032	189
1092	189
814	190
815	190
899	191
903	191
901	192
902	192
799	195
800	195
801	195
802	195
803	195
804	195
900	195
973	196
975	196
1116	196
676	197
678	197
846	197
977	197
978	197
984	197
1031	197
647	198
758	198
1007	198
1164	198
1221	198
511	199
515	199
519	199
539	199
543	199
551	199
563	199
565	199
576	199
581	199
583	199
584	199
594	199
596	199
604	199
606	199
610	199
612	199
616	199
617	199
623	199
627	199
629	199
630	199
638	199
648	199
654	199
658	199
673	199
680	199
681	199
686	199
687	199
690	199
696	199
709	199
715	199
720	199
721	199
722	199
726	199
727	199
728	199
755	199
759	199
766	199
767	199
768	199
769	199
771	199
774	199
782	199
784	199
812	199
822	199
826	199
829	199
844	199
867	199
871	199
882	199
885	199
901	199
917	199
948	199
955	199
958	199
959	199
978	199
979	199
984	199
985	199
986	199
992	199
997	199
999	199
1001	199
1003	199
1009	199
1026	199
1029	199
1033	199
1034	199
1035	199
1036	199
1037	199
1042	199
1047	199
1049	199
1050	199
1051	199
1052	199
1055	199
1058	199
1059	199
1067	199
1071	199
1074	199
1081	199
1082	199
1086	199
1091	199
1093	199
1106	199
1107	199
1109	199
1130	199
1141	199
1145	199
1161	199
1162	199
1165	199
1166	199
1167	199
1168	199
1171	199
1172	199
1177	199
1178	199
1180	199
1183	199
1188	199
1199	199
1201	199
1213	199
1217	199
1222	199
995	200
996	200
976	201
1031	201
1034	201
1109	201
1039	202
547	204
566	204
713	205
719	206
897	206
909	206
1016	206
1158	206
1209	206
682	208
687	208
765	208
763	209
764	209
696	210
700	210
697	211
699	211
707	211
762	211
952	211
959	211
1031	211
1101	211
702	212
703	212
705	212
761	213
762	213
999	214
768	215
769	215
960	215
766	216
1187	217
1188	217
573	218
581	218
583	218
586	218
593	218
609	218
664	218
669	218
684	218
686	218
698	218
700	218
719	218
740	218
861	218
863	218
960	218
962	218
964	218
966	218
970	218
1062	218
1131	218
1189	218
967	219
968	219
684	220
685	220
689	220
969	220
579	221
699	221
729	221
948	221
958	221
965	221
1033	221
1106	221
1107	221
1205	221
1005	222
998	223
1142	223
1143	223
704	224
706	224
711	224
997	224
574	225
1015	225
1189	226
1063	227
624	229
625	229
1042	230
1144	230
683	232
688	232
760	232
1075	232
692	233
694	233
1094	233
585	235
716	235
731	235
998	235
1150	235
1155	235
1157	235
1161	235
1163	235
710	236
1176	236
1177	236
1186	237
741	238
1132	239
1208	239
1145	241
505	242
507	242
513	242
517	242
521	242
539	242
545	242
547	242
553	242
572	242
581	242
588	242
594	242
607	242
625	242
633	242
685	242
692	242
706	242
738	242
840	242
842	242
844	242
848	242
867	242
895	242
907	242
920	242
943	242
956	242
1022	242
1034	242
1064	242
1069	242
1134	242
1215	242
1218	242
506	243
508	243
514	243
518	243
522	243
540	243
546	243
548	243
554	243
571	243
579	243
580	243
589	243
595	243
606	243
626	243
686	243
691	243
705	243
739	243
841	243
843	243
845	243
849	243
868	243
896	243
908	243
921	243
944	243
945	243
957	243
1023	243
1070	243
1133	243
1216	243
1219	243
570	244
583	244
590	244
596	244
617	244
635	244
667	244
694	244
702	244
704	244
828	244
873	244
875	244
946	244
969	244
976	244
981	244
983	244
1057	244
1128	244
1182	244
1198	244
569	245
582	245
591	245
597	245
634	245
666	245
693	245
701	245
703	245
743	245
744	245
745	245
815	245
827	245
874	245
876	245
899	245
947	245
968	245
975	245
980	245
982	245
1127	245
1156	245
1181	245
1197	245
580	246
582	246
655	246
735	246
759	246
963	246
964	246
972	246
976	246
1006	246
1053	246
1162	246
1178	246
1206	246
1041	247
1094	247
598	248
602	248
695	248
743	248
744	248
745	248
839	248
1083	248
1145	248
1186	248
1164	249
1169	250
1185	251
1170	252
870	253
888	253
1190	253
1191	253
1192	253
1193	253
1196	253
865	254
868	254
805	255
806	255
892	256
894	256
866	257
867	258
870	258
880	258
886	258
887	258
891	258
893	258
1195	259
869	260
879	260
1194	260
1205	260
1206	260
1033	261
1113	264
1114	264
799	265
733	266
1050	271
1051	271
806	273
1054	274
1055	275
1049	276
953	277
954	277
1004	278
963	279
1117	281
836	282
1151	283
838	284
584	285
587	285
1018	286
1021	286
1119	287
1120	287
1141	288
746	289
747	289
748	289
1076	290
1077	290
971	291
1211	292
1220	292
620	293
742	294
629	295
630	295
533	296
538	296
668	297
602	298
739	298
740	298
616	300
906	301
939	301
941	301
943	301
946	301
1087	301
536	302
565	302
515	303
530	303
528	305
543	305
511	307
534	307
524	309
551	309
526	311
563	311
519	312
532	312
617	316
714	316
844	316
849	316
1179	316
673	317
618	318
845	318
846	318
1056	318
605	319
548	320
549	320
638	320
510	322
538	322
550	322
556	322
558	322
560	322
562	322
619	322
627	322
638	322
649	322
847	322
1025	322
1036	322
1058	322
1067	322
1121	322
1150	322
656	325
662	325
1095	325
654	326
657	326
658	326
659	326
661	326
1142	326
1079	327
1029	328
1032	328
1147	329
1148	329
732	332
695	334
647	335
756	335
757	335
758	335
1019	335
1122	335
1222	336
720	337
535	339
562	339
726	341
760	342
952	342
727	345
728	346
729	347
735	347
736	347
749	347
628	348
770	349
771	349
767	350
775	351
778	351
777	352
776	353
725	354
781	354
780	355
782	355
779	356
785	357
788	357
787	358
786	359
809	360
818	360
812	361
813	361
811	362
817	363
824	363
810	364
819	365
821	366
823	366
820	367
822	367
529	368
558	368
774	370
784	371
789	372
783	374
1203	374
1121	375
972	377
987	378
988	378
986	379
985	380
671	381
989	381
664	382
932	383
936	383
644	384
792	386
793	387
807	387
808	387
794	388
795	388
796	388
797	388
798	388
805	389
848	391
933	394
791	395
1039	395
864	398
605	399
623	399
765	399
1030	399
1105	399
645	400
904	401
991	402
1190	403
990	404
995	405
1048	405
1044	406
1045	406
938	407
940	407
913	408
914	408
942	408
944	408
947	408
721	409
714	410
715	410
898	410
961	410
1112	410
1179	410
880	412
881	413
989	414
895	415
1083	415
615	416
649	416
651	416
896	416
897	416
1036	416
790	417
994	417
1115	417
992	418
993	418
598	421
603	421
653	425
652	426
655	426
1035	426
1212	427
631	428
633	428
650	428
1057	428
643	429
644	429
904	429
1016	430
1017	430
1058	431
1067	431
1130	431
1131	431
1209	431
1210	431
1037	432
510	433
527	433
632	434
1017	434
1118	434
1210	434
1217	439
962	440
1040	440
1043	441
1011	442
1020	442
525	445
556	445
531	446
560	446
905	448
889	451
935	452
950	453
957	453
949	454
951	454
504	455
585	455
621	455
643	455
652	455
657	455
661	455
665	455
670	455
702	455
710	455
761	455
772	455
789	455
830	455
835	455
847	455
862	455
864	455
920	455
933	455
953	455
965	455
969	455
987	455
993	455
1000	455
1007	455
1020	455
1032	455
1102	455
1113	455
1123	455
1173	455
1203	455
1207	455
626	456
627	456
698	456
1123	456
1079	459
1081	459
540	460
541	460
523	461
542	461
1154	461
1155	461
709	463
712	463
829	464
833	464
917	464
918	464
1082	465
681	466
1091	467
737	468
738	468
1019	469
1025	469
1219	469
1089	471
839	472
1090	472
542	473
619	473
645	473
700	473
763	473
870	473
886	473
951	473
1085	473
1092	473
1093	473
1096	473
1098	473
1116	473
1138	473
1147	473
1187	473
577	474
615	474
750	474
898	474
919	474
1015	474
1118	474
1122	474
1124	474
1157	474
1162	474
1208	474
934	476
724	477
1192	477
1135	478
1139	479
828	480
831	480
1077	481
1154	482
595	483
597	483
622	483
651	483
593	484
594	484
596	484
621	485
1014	485
1146	486
1081	487
1151	487
1163	487
1079	488
1080	488
670	490
1078	492
1080	492
1191	492
816	493
1173	493
1175	493
1174	494
1181	494
1165	495
1171	496
1197	499
1202	499
688	500
772	501
1204	501
1001	502
1006	502
1221	503
139	503
159	503
455	503
146	504
160	504
72	505
243	505
73	506
242	506
119	507
243	507
54	508
242	508
322	509
433	509
119	510
168	510
25	511
199	512
307	512
114	513
243	513
25	514
242	514
24	515
199	516
303	516
110	517
243	517
24	518
242	518
26	519
199	520
312	520
116	521
243	521
26	522
242	522
187	523
309	523
186	524
461	524
187	525
311	525
186	526
445	526
187	527
305	527
186	528
433	528
187	529
303	529
186	530
368	530
187	531
312	531
186	532
446	532
187	533
307	533
186	534
296	534
187	535
302	535
186	536
339	536
296	537
322	537
116	538
168	538
243	539
460	539
72	540
199	540
242	540
159	541
461	541
473	541
160	542
168	542
460	542
53	543
199	544
305	544
115	545
243	545
53	546
242	546
243	547
320	547
204	548
242	548
322	549
168	550
320	550
55	551
199	552
309	552
118	553
243	553
55	554
242	554
322	555
445	555
118	556
168	556
322	557
368	557
115	558
168	558
322	559
446	559
110	560
168	560
322	561
339	561
114	562
168	562
54	563
199	564
311	564
204	565
199	566
302	566
51	567
45	568
28	569
244	569
51	570
245	570
28	571
242	571
51	572
243	572
97	573
225	573
31	574
218	574
31	575
199	575
28	576
45	577
166	577
96	578
474	578
218	579
242	579
199	580
218	580
242	580
97	581
243	581
246	581
199	582
218	582
244	582
97	583
245	583
246	583
235	584
455	584
199	585
285	585
97	586
285	586
122	587
218	587
122	588
243	588
76	589
242	589
122	590
245	590
76	591
244	591
218	592
484	592
97	593
127	593
243	594
483	594
199	595
242	595
484	595
245	596
483	596
199	597
244	597
484	597
133	598
248	599
421	599
128	600
133	601
166	602
421	602
248	603
298	603
319	604
399	604
128	605
199	605
129	606
242	606
130	607
199	607
243	607
184	608
218	608
97	609
129	609
47	610
187	610
131	611
186	611
199	611
130	612
47	613
199	613
416	614
474	614
184	615
299	616
455	616
245	617
318	617
159	618
322	618
473	618
160	619
168	619
318	619
375	620
485	620
168	621
197	621
483	621
187	622
399	622
229	623
199	624
399	624
243	625
456	625
229	626
242	626
168	627
348	627
199	628
295	628
348	629
428	630
199	631
295	631
166	632
293	632
97	633
166	633
243	633
43	634
244	634
52	635
245	635
44	636
158	636
43	637
160	637
52	638
168	638
199	639
320	639
322	639
40	640
158	640
44	641
160	641
158	642
166	642
429	642
455	642
40	643
160	643
400	644
473	644
384	645
429	645
392	646
473	646
199	647
198	648
335	648
168	649
229	649
416	650
483	650
428	651
10	652
425	652
426	653
455	653
246	654
426	654
199	655
326	655
326	656
455	656
10	657
325	657
325	658
479	658
158	659
159	659
160	660
326	660
11	661
325	661
326	662
455	662
158	663
160	663
156	664
158	664
455	664
160	665
218	665
382	665
141	666
244	666
156	667
245	667
382	668
473	668
158	669
455	669
490	669
141	670
160	670
218	670
81	671
159	671
160	672
381	672
246	673
318	673
158	674
159	675
160	675
158	676
189	676
159	677
197	677
160	678
189	678
158	679
197	679
201	680
246	680
159	681
160	681
232	682
500	682
218	683
220	683
97	684
232	684
199	685
218	685
243	685
220	686
242	686
232	687
500	687
199	688
208	688
1	689
199	689
220	690
233	691
242	691
1	692
243	692
233	693
244	693
1	694
245	694
199	695
444	695
211	696
246	696
218	697
456	697
97	698
211	698
159	699
210	699
218	699
473	699
160	700
211	700
221	700
212	701
244	701
455	701
135	702
245	702
224	703
244	703
212	704
245	704
224	705
242	705
212	706
243	706
135	707
158	707
160	708
211	708
236	709
455	709
199	710
463	710
158	711
463	711
160	712
224	712
316	713
410	713
205	714
141	715
235	715
140	716
199	716
410	716
100	717
455	717
206	718
218	718
13	719
97	719
301	720
409	720
301	721
407	721
159	722
158	723
167	723
199	724
354	724
459	724
158	725
356	725
196	726
272	727
344	727
345	728
486	728
218	729
332	729
474	729
68	730
166	730
199	730
6	731
237	731
266	732
473	732
64	733
266	734
332	735
474	735
468	736
347	737
166	738
243	738
298	738
242	739
468	739
97	740
238	740
218	741
298	741
109	742
473	742
90	743
199	743
244	743
91	744
199	744
244	744
88	745
199	745
244	745
92	746
288	746
89	747
288	747
169	748
288	748
132	749
474	749
347	750
93	751
166	751
158	752
162	752
160	753
165	753
160	754
162	754
335	755
166	756
199	756
198	757
335	757
335	758
158	759
342	759
455	759
213	760
455	760
232	761
342	761
159	762
209	762
473	762
160	763
211	763
213	763
208	764
399	764
209	765
246	766
474	766
491	766
246	767
499	767
246	768
487	768
491	768
246	769
474	769
487	769
158	770
165	770
246	771
501	771
10	772
499	772
60	773
158	773
246	774
373	774
158	775
353	775
160	776
351	776
158	777
351	777
160	778
352	778
160	779
354	779
158	780
354	780
158	781
354	781
246	782
366	782
158	783
366	783
246	784
374	784
158	785
359	785
160	786
357	786
158	787
357	787
160	788
358	788
82	789
417	789
372	790
455	790
396	791
474	791
162	792
389	792
386	793
390	793
19	794
386	794
20	795
386	795
21	796
386	796
22	797
386	797
23	798
386	798
12	799
189	799
9	800
189	800
16	801
189	801
17	802
189	802
18	803
189	803
18	804
189	804
259	805
273	805
253	806
265	806
8	807
386	807
15	808
386	808
158	809
364	809
160	810
360	810
199	811
361	811
362	812
190	813
361	814
193	815
244	815
158	816
363	816
158	817
360	817
160	818
363	818
158	819
367	819
160	820
365	820
158	821
365	821
366	822
473	822
156	823
363	823
140	824
366	824
106	825
199	825
105	826
244	827
480	827
106	828
245	828
157	829
455	829
170	830
199	830
464	830
123	831
158	831
160	832
480	832
282	833
455	833
105	834
455	834
157	835
347	836
455	836
97	837
284	837
94	838
178	838
200	839
470	839
134	840
243	840
170	841
242	841
94	842
243	842
134	843
242	843
243	844
318	844
199	845
242	845
316	845
189	846
322	846
455	846
168	847
197	847
318	847
243	848
316	848
242	849
391	849
180	850
183	850
6	851
182	851
148	852
159	852
180	853
181	854
6	855
182	855
170	856
172	856
181	857
183	858
170	859
183	859
6	860
172	860
71	861
158	861
455	861
70	862
160	862
218	862
158	863
398	863
455	863
71	864
160	864
218	864
257	865
254	866
243	867
254	867
199	868
242	868
258	868
253	869
258	869
473	869
176	870
260	870
153	871
173	872
199	872
166	873
181	873
245	873
153	874
244	874
173	875
245	875
177	876
244	876
6	877
7	878
258	879
473	879
253	880
413	880
411	881
75	882
455	882
74	883
177	884
2	885
455	885
6	886
260	886
3	887
253	887
7	888
258	888
4	889
158	889
160	890
451	890
6	891
256	891
4	892
258	892
256	893
258	894
243	895
416	895
242	896
415	896
410	897
474	897
206	898
416	898
194	899
244	899
192	900
199	900
195	901
191	902
192	903
448	904
401	905
429	905
164	906
473	906
107	907
243	907
7	908
242	908
235	909
474	909
158	910
171	910
160	911
172	911
6	912
408	912
171	913
6	914
408	915
199	916
464	916
99	917
160	918
474	918
158	919
464	919
121	920
243	920
6	921
242	921
455	921
158	922
177	922
76	923
160	923
121	924
158	924
172	925
177	926
99	927
76	928
159	929
171	929
158	930
172	930
6	931
383	931
171	932
121	933
476	933
6	934
394	934
455	934
159	935
177	935
6	936
383	937
158	938
301	938
160	939
407	939
407	940
187	941
408	941
186	942
301	942
243	943
408	943
242	944
301	944
242	945
301	945
408	945
245	946
408	946
244	947
301	947
158	948
218	948
342	948
455	948
166	949
259	949
454	950
473	950
148	951
453	951
277	952
455	952
211	953
342	953
57	954
199	954
277	955
243	956
453	956
57	957
242	957
218	958
246	958
246	959
399	959
14	960
158	960
455	960
158	961
405	961
455	961
246	962
279	962
218	963
440	963
158	964
221	964
455	964
160	965
218	965
246	965
158	966
219	966
160	967
218	967
220	968
244	968
455	968
219	969
245	969
127	970
166	970
140	971
246	971
377	971
141	972
291	972
158	973
189	973
160	974
196	974
201	975
244	975
246	975
196	976
245	976
341	977
455	977
150	978
218	978
154	979
497	979
152	980
244	980
154	981
245	981
155	982
244	982
152	983
245	983
218	984
380	984
379	985
473	985
378	986
455	986
199	987
379	987
381	988
414	988
378	989
166	990
187	990
302	990
158	991
404	991
455	991
417	992
479	992
11	993
417	993
418	994
455	994
199	995
458	995
199	996
248	996
96	997
199	997
246	997
199	998
214	998
96	999
215	999
246	999
160	1000
199	1000
126	1001
199	1002
502	1002
278	1003
126	1004
199	1004
246	1005
502	1005
222	1006
160	1007
198	1007
199	1007
87	1008
187	1008
48	1009
87	1010
199	1010
42	1011
442	1012
485	1013
42	1014
206	1015
430	1015
225	1016
474	1016
166	1017
286	1017
430	1018
434	1018
158	1019
442	1019
455	1019
160	1020
335	1020
469	1020
86	1021
375	1021
85	1022
243	1022
48	1023
242	1023
322	1024
469	1024
85	1025
168	1025
5	1026
161	1027
199	1027
161	1028
159	1029
399	1029
199	1030
328	1030
189	1031
328	1031
455	1031
197	1032
201	1032
211	1032
159	1033
196	1033
218	1033
473	1033
243	1034
261	1034
425	1035
479	1035
168	1036
229	1036
175	1037
451	1037
163	1038
473	1038
396	1039
474	1039
440	1040
151	1041
247	1041
289	1042
455	1042
473	1042
406	1043
441	1044
41	1045
406	1046
179	1047
405	1047
41	1048
199	1048
207	1049
234	1049
268	1050
269	1050
267	1051
270	1051
172	1052
246	1052
174	1053
199	1053
158	1054
275	1054
174	1055
318	1055
199	1056
275	1056
97	1057
166	1057
245	1057
83	1058
168	1058
108	1059
83	1060
199	1060
98	1061
166	1061
97	1062
227	1062
98	1063
218	1063
95	1064
243	1064
98	1065
166	1065
30	1066
32	1067
168	1067
199	1068
322	1068
431	1068
30	1069
243	1069
29	1070
242	1070
29	1071
84	1072
199	1072
84	1073
199	1073
32	1074
63	1075
166	1075
136	1076
481	1076
136	1077
240	1077
327	1078
459	1078
488	1078
101	1079
492	1079
199	1080
459	1080
487	1080
488	1081
492	1081
415	1082
455	1082
200	1083
416	1083
163	1084
473	1084
60	1085
167	1085
103	1086
455	1086
102	1087
165	1087
163	1088
301	1088
158	1089
472	1089
160	1090
471	1090
189	1091
473	1091
199	1092
467	1092
455	1093
233	1094
247	1094
159	1095
473	1095
148	1096
325	1096
137	1097
473	1097
144	1098
148	1098
65	1099
66	1100
166	1100
67	1101
158	1101
455	1101
65	1102
160	1102
211	1102
66	1103
158	1103
455	1103
137	1104
399	1104
67	1105
149	1106
218	1106
473	1106
78	1107
158	1107
218	1107
455	1107
199	1108
201	1108
145	1109
141	1110
145	1110
70	1111
137	1111
158	1112
264	1112
455	1112
149	1113
160	1113
410	1113
138	1114
141	1114
196	1115
473	1115
148	1116
417	1116
166	1117
462	1117
166	1118
287	1118
434	1119
474	1119
322	1120
375	1120
168	1121
287	1121
158	1122
455	1122
456	1122
160	1123
335	1123
474	1123
46	1124
166	1124
474	1125
46	1126
27	1127
244	1127
46	1128
245	1128
199	1129
431	1129
27	1130
97	1131
239	1131
218	1132
431	1132
27	1133
242	1133
46	1134
243	1134
158	1135
188	1135
160	1136
478	1136
186	1137
473	1137
160	1138
188	1138
158	1139
180	1139
160	1140
479	1140
223	1141
326	1141
199	1142
288	1142
141	1143
230	1143
147	1144
223	1144
200	1145
397	1145
410	1145
329	1146
473	1146
160	1147
486	1147
101	1148
158	1148
160	1149
329	1149
168	1150
283	1150
215	1151
318	1151
141	1152
235	1152
187	1153
482	1153
168	1154
280	1154
104	1155
166	1155
168	1155
185	1156
244	1156
107	1157
206	1157
235	1158
474	1158
76	1159
158	1159
7	1160
160	1160
199	1161
246	1161
474	1161
199	1162
235	1162
199	1163
215	1163
200	1164
248	1164
59	1165
77	1165
343	1165
79	1166
343	1166
79	1167
343	1167
343	1168
407	1168
158	1169
252	1169
160	1170
250	1170
58	1171
393	1171
80	1172
393	1172
82	1173
494	1173
455	1174
493	1174
158	1175
251	1175
316	1176
410	1176
96	1177
199	1177
246	1177
199	1178
236	1178
236	1179
166	1180
203	1180
246	1180
142	1181
244	1181
245	1182
494	1182
124	1183
142	1184
199	1184
158	1185
250	1185
217	1186
473	1186
237	1187
248	1187
218	1188
226	1188
199	1189
217	1189
199	1190
365	1190
457	1190
199	1191
365	1191
459	1191
199	1192
365	1192
459	1192
158	1193
260	1193
160	1194
253	1194
158	1195
253	1195
160	1196
259	1196
143	1197
244	1197
245	1198
499	1198
125	1199
143	1200
199	1200
13	1201
166	1201
246	1201
374	1202
455	1202
82	1203
499	1203
158	1204
259	1204
158	1205
167	1205
218	1205
455	1205
158	1206
167	1206
455	1206
160	1207
246	1207
260	1207
206	1208
431	1208
239	1209
474	1209
166	1210
292	1210
431	1211
434	1211
187	1212
439	1212
49	1213
168	1213
50	1214
199	1214
56	1215
243	1215
49	1216
242	1216
50	1217
166	1218
243	1218
469	1218
56	1219
168	1219
242	1219
375	1220
427	1220
198	1221
503	1221
261	1222
262	1222
