1	2
3	4
3	5
6	7
6	8
6	9
10	11
12	13
12	14
12	15
12	16
12	17
12	18
12	19
12	20
12	21
12	22
23	24
23	25
23	26
23	27
23	28
23	29
23	30
23	31
23	32
24	33
24	34
24	35
36	37
36	38
36	39
36	40
36	41
36	42
36	43
36	44
36	45
36	46
47	48
47	49
47	50
47	51
47	52
47	53
47	54
47	55
47	56
47	57
47	58
47	59
47	60
47	61
47	62
47	63
47	64
47	65
47	66
47	67
47	68
47	69
47	70
47	71
47	72
47	73
47	74
47	75
47	76
47	77
47	78
47	79
47	80
47	81
47	82
47	83
47	84
47	85
47	86
47	87
47	88
47	89
47	90
47	91
47	92
47	93
47	94
47	95
47	96
47	97
47	98
47	99
47	100
47	101
47	102
47	103
47	104
47	105
47	106
47	107
47	108
47	109
47	110
47	111
47	112
47	113
47	114
47	115
47	116
47	117
47	118
47	119
47	120
47	121
47	122
47	123
47	124
47	125
47	126
47	127
47	128
47	129
47	130
47	131
47	132
47	133
47	134
47	135
47	136
47	137
47	138
47	139
47	140
47	141
47	142
47	143
47	144
47	145
47	146
47	147
47	148
47	149
47	150
47	151
47	152
47	153
47	154
47	155
47	156
47	157
47	158
47	159
47	160
47	161
47	162
47	163
47	164
47	165
47	166
47	167
47	168
47	169
47	170
47	171
47	172
47	173
47	174
47	175
47	176
47	177
47	178
47	179
48	63
48	64
48	65
49	52
49	266
49	294
49	295
49	464
49	465
49	1005
49	1006
49	1007
49	1068
49	1069
49	1071
49	1072
49	1073
50	113
50	114
51	45
51	46
51	582
51	583
51	584
180	181
180	182
180	183
180	184
180	185
180	186
180	187
180	188
180	189
180	190
180	191
180	192
180	193
181	61
181	185
181	190
181	191
181	192
181	193
181	404
181	405
181	538
181	731
181	732
194	195
194	196
194	197
194	198
194	199
194	200
194	201
194	202
194	203
194	204
194	205
194	206
194	207
194	208
194	209
194	210
194	211
194	212
194	213
194	214
194	215
194	216
194	217
194	218
194	219
194	220
194	221
194	222
194	223
194	224
194	225
194	226
194	227
194	228
194	229
194	230
231	232
231	233
234	235
234	236
234	237
235	520
235	521
235	522
235	523
238	239
238	240
238	241
238	242
243	244
243	245
243	246
243	247
243	248
243	249
243	250
251	252
251	253
254	13
254	19
254	20
254	22
254	36
254	37
254	38
254	39
254	40
254	41
254	42
254	43
254	44
254	45
254	46
254	49
254	51
254	52
254	59
254	60
254	61
254	68
254	69
254	70
254	71
254	72
254	73
254	76
254	77
254	78
254	79
254	80
254	84
254	86
254	90
254	91
254	92
254	93
254	94
254	95
254	96
254	103
254	115
254	116
254	138
254	139
254	143
254	163
254	164
254	165
254	166
254	167
254	168
254	170
254	171
254	172
254	173
254	175
254	176
254	179
254	190
254	191
254	193
254	195
254	196
254	197
254	204
254	223
254	224
254	225
254	226
254	227
254	228
254	229
254	230
254	235
254	236
254	237
254	255
254	256
254	257
254	258
254	259
254	260
254	261
254	262
254	263
254	264
254	265
254	266
254	267
254	268
254	269
254	270
254	271
254	272
254	273
254	274
254	275
254	276
254	277
254	278
254	279
254	280
254	281
254	282
254	283
254	284
254	285
254	286
254	287
254	288
254	289
254	290
254	291
254	292
254	293
254	294
254	295
254	296
254	297
254	298
254	299
254	300
254	301
254	302
254	303
254	304
254	305
254	306
254	307
254	308
254	309
254	310
254	311
254	312
254	313
254	314
254	315
254	316
254	317
254	318
254	319
254	320
254	321
254	322
254	323
254	324
254	325
254	326
254	327
254	328
254	329
254	330
254	331
254	332
254	333
254	334
254	335
254	336
254	337
254	338
254	339
254	340
254	341
254	342
254	343
254	344
254	345
254	346
254	347
254	348
254	349
254	350
254	351
254	352
254	353
254	354
254	355
254	356
254	357
254	358
254	359
254	360
254	361
254	362
254	363
254	364
254	365
254	366
254	367
254	368
254	369
254	370
254	371
254	372
254	373
254	374
254	375
254	376
254	377
254	378
254	379
254	380
254	381
254	382
254	383
254	384
254	385
254	386
254	387
254	388
254	389
254	390
254	391
254	392
254	393
254	394
254	395
254	396
254	397
254	398
254	399
254	400
254	401
254	402
254	403
254	404
254	405
254	406
254	407
254	408
254	409
254	410
254	411
254	412
254	413
254	414
254	415
254	416
254	417
254	418
254	419
254	420
254	421
254	422
254	423
254	424
254	425
254	426
254	427
254	428
254	429
254	430
254	431
254	432
254	433
254	434
254	435
254	436
254	437
254	438
254	439
254	440
254	441
254	442
254	443
254	444
254	445
254	446
254	447
254	448
254	449
254	450
254	451
254	452
254	453
254	454
254	455
254	456
254	457
254	458
254	459
254	460
254	461
254	462
254	463
254	464
254	465
254	466
254	467
254	468
254	469
254	470
254	471
254	472
254	473
254	474
254	475
254	476
254	477
254	478
254	479
254	480
254	481
254	482
254	483
254	484
254	485
254	486
254	487
254	488
254	489
254	490
254	491
254	492
254	493
254	494
254	495
254	496
254	497
254	498
254	499
254	500
254	501
254	502
254	503
254	504
254	505
254	506
254	507
254	508
254	509
254	510
254	511
254	512
254	513
254	514
254	515
254	516
254	517
254	518
254	519
254	520
254	521
254	522
254	523
254	524
254	525
254	526
254	527
254	528
254	529
254	530
254	531
254	532
254	533
254	534
254	535
254	536
254	537
254	538
254	539
254	540
254	541
254	542
254	543
254	544
254	545
254	546
254	547
254	548
254	549
254	550
254	551
254	552
254	553
254	554
254	555
254	556
254	557
254	558
254	559
254	560
254	561
254	562
254	563
254	564
254	565
254	566
254	567
254	568
254	569
254	570
254	571
254	572
254	573
254	574
254	575
254	576
254	577
254	578
254	579
254	580
254	581
254	582
254	583
254	584
254	585
254	586
254	587
254	588
254	589
254	590
254	591
254	592
254	593
254	594
254	595
254	596
254	597
254	598
254	599
254	600
255	68
255	69
255	70
255	71
255	72
255	73
255	364
255	365
255	366
255	367
256	327
256	328
256	329
256	330
256	331
257	325
258	334
258	335
258	336
258	618
258	619
258	620
258	676
258	677
258	678
258	679
258	680
258	681
258	682
258	683
258	684
258	685
258	686
258	687
258	688
258	689
258	690
259	326
259	347
259	348
259	349
259	350
259	498
259	518
259	538
259	562
259	563
260	301
260	303
260	346
260	721
260	722
260	723
260	724
260	725
260	726
261	139
261	276
261	333
261	458
261	459
261	460
261	525
261	526
261	599
263	49
263	51
263	52
263	53
263	54
263	55
263	56
263	57
263	58
263	60
263	82
263	83
263	115
263	119
263	120
263	121
263	122
263	123
263	124
263	125
263	126
263	127
263	128
263	129
263	130
263	131
263	132
263	138
263	139
263	179
263	190
263	191
263	193
263	217
263	218
263	254
263	268
263	277
263	278
263	279
263	294
263	295
263	304
263	305
263	306
263	312
263	313
263	315
263	318
263	342
263	351
263	389
263	390
263	391
263	396
263	397
263	404
263	405
263	411
263	419
263	420
263	451
263	452
263	453
263	461
263	462
263	492
263	493
263	494
263	501
263	519
263	560
263	582
263	583
263	584
263	597
263	652
263	774
263	792
263	793
263	794
263	829
263	830
263	831
263	832
263	833
263	844
263	845
263	846
263	847
263	848
263	849
263	850
263	862
263	863
263	907
263	908
263	909
263	910
263	911
263	912
263	913
263	914
263	915
263	916
263	917
263	918
263	919
263	920
263	921
263	922
263	923
263	924
263	925
263	926
263	927
263	928
263	929
263	930
263	931
263	932
263	933
263	934
263	935
263	936
263	937
263	938
263	939
263	940
263	941
263	942
263	943
263	944
263	945
263	946
263	947
263	948
263	949
263	950
263	951
263	952
263	953
263	954
263	955
263	956
263	957
263	958
263	959
263	960
263	961
263	962
263	963
263	964
263	965
263	966
263	967
263	968
263	969
263	970
263	971
265	76
265	77
265	78
265	79
265	80
265	133
265	134
265	135
265	136
265	137
265	151
265	163
265	164
265	165
265	166
265	167
265	170
265	171
265	172
265	173
265	352
265	353
265	354
265	355
265	356
265	357
265	362
265	770
265	771
265	772
265	773
265	774
265	801
265	805
265	806
265	807
265	808
265	809
265	813
265	871
265	1008
265	1009
265	1010
265	1011
265	1012
265	1013
265	1014
265	1015
265	1016
265	1017
265	1018
265	1019
265	1020
265	1021
265	1022
265	1023
265	1024
265	1025
265	1026
265	1027
265	1028
265	1029
265	1030
265	1031
265	1032
265	1033
265	1034
265	1035
265	1036
265	1037
265	1038
265	1039
265	1040
265	1041
265	1042
265	1043
265	1044
265	1045
265	1046
265	1047
265	1048
265	1049
265	1050
265	1051
265	1052
265	1053
265	1054
265	1055
265	1056
265	1057
265	1058
265	1059
265	1060
265	1061
265	1062
265	1063
265	1064
265	1065
265	1066
265	1067
266	49
266	52
266	66
266	67
266	195
266	196
266	197
266	294
266	295
266	464
266	465
266	758
266	1005
266	1006
266	1007
266	1068
266	1069
266	1070
266	1071
267	378
267	379
267	380
267	381
267	382
267	469
267	470
267	471
267	1074
268	97
268	98
268	99
268	100
268	101
268	102
269	304
269	305
269	306
269	307
269	393
269	395
269	396
269	397
269	398
271	370
271	421
271	422
271	423
271	424
271	425
271	426
271	427
271	428
271	429
271	430
272	431
272	432
272	433
272	434
273	438
273	439
273	440
274	443
274	444
274	445
274	446
274	447
274	448
274	449
274	550
275	456
275	457
276	441
276	451
276	452
276	453
276	454
276	455
276	820
276	821
276	1205
277	4
277	5
277	59
277	167
277	278
277	461
277	672
277	1005
277	1006
277	1007
277	1068
277	1071
277	1123
277	1206
277	1207
277	1208
277	1209
277	1210
277	1211
277	1212
277	1213
277	1214
277	1215
277	1216
277	1217
277	1218
277	1219
277	1220
277	1221
277	1222
277	1223
277	1224
277	1225
277	1226
278	277
278	461
279	462
279	934
280	466
280	467
281	472
281	473
281	474
281	475
281	476
281	477
283	256
283	327
283	328
283	329
283	330
283	331
283	381
283	458
283	459
283	460
283	485
283	486
283	487
283	488
283	489
283	490
283	1095
283	1267
283	1268
284	89
284	251
284	258
284	334
284	335
284	336
284	496
284	500
284	635
284	1123
284	1321
284	1322
284	1323
285	265
285	400
285	579
285	580
285	811
285	812
285	819
285	882
285	1030
285	1045
285	1055
285	1056
285	1057
285	1058
285	1059
285	1060
285	1213
285	1218
285	1221
285	1222
285	1324
285	1325
285	1326
285	1327
285	1328
285	1329
285	1330
285	1331
285	1332
286	76
286	77
286	78
286	79
286	80
286	97
286	98
286	99
286	100
286	101
286	102
286	115
286	119
286	179
286	298
286	299
286	1010
286	1011
286	1012
286	1013
286	1014
286	1334
286	1335
286	1336
286	1337
286	1338
286	1339
286	1340
286	1341
286	1342
286	1343
286	1344
286	1345
286	1346
286	1347
286	1348
286	1349
286	1350
288	289
289	143
289	288
289	534
289	535
289	536
290	551
290	552
290	553
290	554
290	555
290	556
291	400
291	570
291	571
291	572
291	579
291	580
292	450
292	542
292	543
292	544
292	592
292	593
292	594
292	595
292	596
293	600
293	1464
601	66
601	67
602	603
602	604
602	605
602	606
602	607
602	608
602	609
602	610
602	611
612	243
612	244
612	245
612	246
612	247
612	248
612	249
612	250
612	258
612	334
612	335
612	336
612	500
612	518
612	613
612	614
612	615
612	616
612	617
612	618
612	619
612	620
612	621
612	622
612	623
612	624
612	625
612	626
612	627
612	628
612	629
612	630
612	631
612	632
612	633
612	634
612	635
612	636
612	637
612	638
612	639
612	640
612	641
612	642
612	643
612	644
612	645
612	646
612	647
612	648
612	649
650	74
650	75
650	76
650	77
650	78
650	79
650	80
650	115
650	258
650	268
650	277
650	278
650	282
650	286
650	296
650	297
650	298
650	299
650	300
650	333
650	334
650	335
650	336
650	342
650	359
650	361
650	383
650	458
650	459
650	460
650	461
650	481
650	482
650	492
650	493
650	494
650	514
650	520
650	521
650	522
650	523
650	525
650	526
650	651
650	652
650	653
650	654
650	655
650	656
650	657
650	658
650	659
650	660
650	661
650	662
650	663
650	664
650	665
650	666
650	667
650	668
650	669
650	670
650	671
650	672
673	451
673	452
673	453
673	674
673	675
691	692
691	693
691	694
691	695
691	696
691	697
691	698
699	700
699	701
699	702
699	703
699	704
705	706
705	707
705	708
709	602
709	603
709	604
709	605
709	606
709	607
709	608
709	609
709	610
709	611
709	710
709	711
709	712
709	713
709	714
709	715
709	716
717	718
717	719
717	720
721	116
721	360
721	722
721	733
721	734
721	735
721	736
721	737
721	738
721	739
727	347
727	348
727	349
727	350
727	562
728	338
728	729
728	730
740	4
740	5
741	266
741	464
741	465
741	742
741	743
741	744
741	745
741	746
741	747
741	748
741	749
741	750
741	751
742	266
742	464
742	465
752	291
752	579
752	580
752	753
752	754
752	755
756	47
756	49
756	52
756	59
756	61
756	68
756	69
756	70
756	71
756	72
756	73
756	74
756	75
756	76
756	77
756	78
756	79
756	80
756	81
756	90
756	115
756	117
756	118
756	119
756	120
756	121
756	122
756	123
756	124
756	125
756	126
756	127
756	128
756	129
756	130
756	131
756	132
756	138
756	140
756	167
756	170
756	171
756	172
756	173
756	174
756	179
756	195
756	196
756	197
756	255
756	260
756	271
756	286
756	290
756	298
756	299
756	303
756	304
756	305
756	306
756	314
756	318
756	320
756	342
756	345
756	346
756	364
756	365
756	366
756	367
756	370
756	385
756	386
756	387
756	396
756	397
756	411
756	421
756	422
756	423
756	424
756	425
756	426
756	427
756	428
756	429
756	430
756	492
756	493
756	494
756	551
756	552
756	553
756	554
756	555
756	556
756	601
756	603
756	604
756	605
756	606
756	607
756	652
756	694
756	695
756	696
756	697
756	698
756	723
756	724
756	725
756	726
756	743
756	744
756	753
756	755
756	757
756	758
756	759
756	760
756	761
756	762
756	763
756	764
756	765
756	766
756	767
756	768
756	769
756	770
756	771
756	772
756	773
756	774
756	775
756	776
756	777
756	778
756	779
756	780
756	781
756	782
756	783
756	784
756	785
756	786
756	787
756	788
756	789
756	790
756	791
756	792
756	793
756	794
756	795
756	796
756	797
756	798
756	799
756	800
756	801
756	802
756	803
756	804
756	805
756	806
756	807
756	808
756	809
756	810
756	811
756	812
756	813
756	814
756	815
756	816
756	817
756	818
756	819
756	820
756	821
756	822
756	823
756	824
756	825
756	826
756	827
756	828
756	829
756	830
756	831
756	832
756	833
756	834
756	835
756	836
756	837
756	838
756	839
756	840
756	841
756	842
756	843
756	844
756	845
756	846
756	847
756	848
756	849
756	850
756	851
756	852
756	853
756	854
756	855
756	856
756	857
756	858
756	859
756	860
756	861
756	862
756	863
756	864
756	865
756	866
756	867
756	868
756	869
756	870
756	871
756	872
756	873
756	874
756	875
756	876
756	877
756	878
756	879
756	880
756	881
756	882
756	883
756	884
756	885
756	886
756	887
757	814
757	815
757	816
757	817
757	894
757	895
757	896
757	897
757	898
757	899
757	900
757	901
757	902
757	903
757	904
757	905
757	906
758	49
758	52
758	266
758	294
758	295
758	464
758	465
758	1005
758	1006
758	1007
758	1068
758	1071
759	53
759	54
759	55
759	56
759	57
759	58
759	90
759	104
759	105
759	106
759	107
759	108
759	109
759	110
759	111
759	117
759	118
759	120
759	121
759	122
759	123
759	124
759	125
759	126
759	127
759	128
759	129
759	130
759	131
759	132
759	138
759	260
759	303
759	320
759	342
759	345
759	346
759	492
759	493
759	494
759	652
759	763
759	764
759	779
759	780
759	781
759	782
759	783
759	784
759	785
759	786
759	791
759	792
759	793
759	794
759	795
759	802
759	803
759	804
759	811
759	812
759	822
759	823
759	824
759	825
759	826
759	827
759	828
759	829
759	830
759	831
759	832
759	833
759	840
759	841
759	844
759	845
759	846
759	847
759	848
759	849
759	850
759	873
759	874
759	875
759	876
759	877
759	878
759	883
759	884
759	885
759	886
759	895
759	1270
759	1271
762	1067
888	889
888	890
891	82
891	83
891	85
891	86
891	87
891	88
891	89
891	889
891	890
891	892
891	893
892	296
892	297
892	300
972	879
972	973
972	974
972	975
972	976
972	977
972	978
972	979
972	980
972	981
972	982
972	983
972	984
972	985
972	986
972	987
972	988
972	989
972	990
972	991
972	992
972	993
972	994
972	995
972	996
972	997
972	998
972	999
972	1000
972	1001
972	1002
973	258
973	266
973	294
973	295
973	334
973	335
973	336
973	368
973	369
973	464
973	465
973	1003
973	1004
973	1005
973	1006
973	1007
1003	258
1003	334
1003	335
1003	336
1003	601
1003	1243
1003	1244
1003	1245
1008	1052
1008	1053
1074	267
1074	378
1074	379
1074	380
1074	381
1074	382
1074	469
1074	470
1074	471
1075	385
1075	386
1075	387
1075	1076
1077	1078
1079	272
1079	399
1079	401
1079	402
1079	431
1079	432
1079	433
1079	434
1079	654
1079	655
1080	49
1080	52
1080	66
1080	67
1080	74
1080	75
1080	322
1080	323
1080	324
1080	342
1080	368
1080	369
1080	411
1080	492
1080	493
1080	494
1080	733
1080	758
1080	917
1080	1005
1080	1006
1080	1007
1080	1031
1080	1033
1080	1034
1080	1035
1080	1036
1080	1037
1080	1038
1080	1039
1080	1040
1080	1041
1080	1042
1080	1043
1080	1044
1080	1069
1080	1081
1080	1082
1080	1083
1080	1084
1080	1085
1080	1086
1080	1087
1080	1088
1080	1089
1080	1090
1080	1091
1080	1092
1080	1093
1080	1094
1080	1095
1080	1096
1080	1097
1080	1098
1080	1099
1080	1100
1080	1101
1080	1102
1080	1103
1080	1104
1080	1105
1080	1106
1080	1107
1080	1108
1080	1109
1080	1110
1080	1111
1081	322
1081	323
1081	324
1081	1086
1081	1087
1081	1088
1081	1089
1081	1090
1081	1091
1081	1092
1082	7
1082	66
1082	67
1082	182
1082	189
1082	195
1082	196
1082	197
1082	319
1082	337
1082	343
1082	344
1082	375
1082	376
1082	377
1082	385
1082	386
1082	387
1082	442
1082	501
1082	540
1082	541
1082	635
1082	652
1082	761
1082	919
1082	939
1082	947
1082	954
1082	1005
1082	1006
1082	1007
1082	1083
1082	1094
1082	1096
1082	1097
1082	1099
1082	1100
1082	1101
1082	1102
1082	1123
1082	1133
1082	1134
1082	1135
1082	1136
1082	1137
1082	1138
1082	1139
1082	1140
1082	1197
1082	1198
1082	1199
1082	1200
1082	1201
1082	1202
1082	1203
1082	1204
1112	378
1112	379
1112	380
1112	382
1113	1114
1113	1115
1113	1116
1113	1117
1113	1118
1119	368
1119	369
1120	1121
1122	11
1122	90
1122	97
1122	98
1122	99
1122	100
1122	101
1122	102
1122	103
1122	119
1122	120
1122	121
1122	122
1122	123
1122	124
1122	125
1122	126
1122	127
1122	128
1122	129
1122	130
1122	131
1122	132
1122	138
1122	167
1122	170
1122	171
1122	172
1122	173
1122	195
1122	196
1122	197
1122	217
1122	218
1122	239
1122	240
1122	241
1122	242
1122	258
1122	263
1122	284
1122	290
1122	292
1122	296
1122	297
1122	300
1122	312
1122	313
1122	334
1122	335
1122	336
1122	342
1122	351
1122	358
1122	384
1122	396
1122	397
1122	418
1122	450
1122	492
1122	493
1122	494
1122	496
1122	500
1122	501
1122	502
1122	503
1122	504
1122	505
1122	506
1122	507
1122	508
1122	509
1122	510
1122	511
1122	512
1122	513
1122	538
1122	542
1122	543
1122	544
1122	551
1122	552
1122	553
1122	554
1122	555
1122	556
1122	573
1122	574
1122	575
1122	576
1122	577
1122	578
1122	592
1122	593
1122	594
1122	595
1122	596
1122	597
1122	603
1122	604
1122	605
1122	606
1122	607
1122	635
1122	756
1122	757
1122	761
1122	768
1122	769
1122	792
1122	793
1122	794
1122	814
1122	815
1122	816
1122	817
1122	829
1122	830
1122	831
1122	832
1122	833
1122	844
1122	845
1122	846
1122	847
1122	848
1122	849
1122	850
1122	854
1122	856
1122	857
1122	858
1122	859
1122	893
1122	896
1122	897
1122	898
1122	899
1122	900
1122	901
1122	902
1122	903
1122	904
1122	906
1122	1015
1122	1055
1122	1056
1122	1057
1122	1058
1122	1059
1122	1060
1122	1078
1122	1094
1122	1095
1122	1096
1122	1097
1122	1099
1122	1100
1122	1101
1122	1102
1122	1123
1122	1124
1122	1125
1122	1126
1122	1127
1122	1128
1122	1129
1122	1130
1122	1131
1122	1132
1122	1133
1122	1134
1122	1135
1122	1136
1122	1137
1122	1138
1122	1139
1122	1140
1122	1141
1122	1142
1122	1143
1122	1144
1122	1145
1122	1146
1122	1147
1122	1148
1122	1149
1122	1150
1122	1151
1152	1153
1154	53
1154	54
1154	55
1154	56
1154	57
1154	58
1154	822
1154	823
1154	824
1154	825
1154	826
1154	827
1154	828
1154	1055
1154	1056
1154	1057
1154	1058
1154	1059
1154	1060
1154	1155
1154	1156
1154	1157
1154	1158
1154	1159
1154	1160
1154	1161
1162	654
1162	655
1163	1164
1163	1165
1163	1166
1163	1167
1168	169
1168	177
1168	539
1168	1169
1168	1170
1168	1171
1168	1172
1168	1173
1168	1174
1168	1175
1168	1176
1168	1177
1168	1178
1168	1179
1168	1180
1168	1181
1168	1182
1168	1183
1168	1184
1168	1185
1168	1186
1168	1187
1168	1188
1168	1189
1168	1190
1168	1191
1168	1192
1168	1193
1168	1194
1168	1195
1196	368
1196	369
1196	1098
1206	4
1206	5
1206	59
1206	277
1206	278
1206	461
1206	1123
1206	1211
1206	1212
1206	1213
1206	1214
1206	1218
1206	1219
1206	1221
1206	1222
1206	1223
1206	1224
1206	1225
1227	368
1227	369
1228	1109
1228	1110
1228	1111
1229	1230
1229	1231
1229	1232
1229	1233
1229	1234
1229	1235
1229	1236
1229	1237
1229	1238
1239	813
1239	1240
1239	1241
1239	1242
1246	1247
1246	1248
1249	917
1249	1045
1249	1250
1249	1251
1252	347
1252	348
1252	349
1252	350
1252	478
1252	479
1252	480
1252	694
1252	695
1252	696
1252	697
1252	698
1252	759
1252	779
1252	780
1252	781
1252	782
1252	783
1252	784
1252	785
1252	786
1252	792
1252	793
1252	794
1252	822
1252	823
1252	824
1252	825
1252	826
1252	827
1252	828
1252	834
1252	896
1252	897
1252	898
1252	899
1252	900
1252	901
1252	902
1252	903
1252	904
1253	151
1253	1254
1253	1255
1256	483
1256	484
1257	186
1257	375
1257	376
1257	377
1257	540
1257	1258
1257	1259
1257	1260
1257	1261
1257	1262
1263	1264
1263	1265
1263	1266
1269	489
1269	490
1269	908
1269	909
1269	910
1269	911
1269	912
1269	1095
1272	53
1272	54
1272	55
1272	56
1272	57
1272	58
1272	342
1272	492
1272	493
1272	494
1272	779
1272	780
1272	781
1272	782
1272	783
1272	784
1272	785
1272	786
1272	802
1272	803
1272	804
1272	811
1272	812
1272	822
1272	823
1272	824
1272	825
1272	826
1272	827
1272	828
1272	840
1272	841
1272	844
1272	845
1272	846
1272	847
1272	848
1272	849
1272	850
1272	873
1272	874
1272	875
1272	876
1272	877
1272	878
1272	1270
1272	1271
1273	1274
1275	1199
1275	1276
1275	1277
1275	1278
1275	1279
1275	1280
1281	840
1281	841
1282	190
1282	191
1282	193
1282	842
1282	843
1282	1047
1282	1048
1282	1049
1282	1050
1283	119
1283	262
1283	298
1283	299
1283	326
1283	757
1283	811
1283	812
1283	813
1283	814
1283	815
1283	816
1283	817
1283	844
1283	845
1283	846
1283	847
1283	848
1283	849
1283	850
1283	881
1283	896
1283	897
1283	898
1283	899
1283	900
1283	901
1283	902
1283	903
1283	904
1283	906
1283	973
1283	989
1283	997
1283	1015
1283	1055
1283	1056
1283	1057
1283	1058
1283	1059
1283	1060
1283	1082
1283	1131
1283	1270
1283	1271
1283	1281
1283	1284
1283	1285
1283	1286
1283	1287
1283	1288
1283	1289
1283	1290
1283	1291
1283	1292
1283	1293
1283	1294
1283	1295
1283	1296
1283	1297
1283	1298
1283	1299
1283	1300
1283	1301
1283	1302
1283	1303
1283	1304
1283	1305
1283	1306
1283	1307
1283	1308
1283	1309
1283	1310
1283	1311
1283	1312
1283	1313
1283	1314
1283	1315
1283	1316
1283	1317
1283	1318
1283	1319
1320	212
1320	213
1320	214
1320	215
1320	216
1320	389
1320	390
1320	391
1320	1127
1320	1129
1320	1130
1333	502
1333	503
1333	504
1333	505
1333	506
1333	507
1333	508
1333	509
1333	510
1333	511
1333	512
1333	513
1351	217
1351	218
1352	180
1352	524
1352	564
1352	565
1352	566
1352	567
1352	568
1352	654
1352	854
1352	856
1352	857
1352	858
1352	859
1352	1085
1352	1319
1352	1353
1352	1354
1352	1355
1352	1356
1352	1357
1352	1358
1359	89
1359	156
1359	157
1359	158
1359	159
1359	160
1359	161
1359	162
1359	201
1359	266
1359	485
1359	709
1359	742
1359	747
1359	748
1359	758
1359	1005
1359	1006
1359	1007
1359	1069
1359	1205
1359	1219
1359	1223
1359	1224
1359	1225
1359	1232
1359	1235
1359	1360
1359	1361
1359	1362
1359	1363
1359	1364
1359	1365
1359	1366
1359	1367
1359	1368
1359	1369
1359	1370
1359	1371
1359	1372
1359	1373
1359	1374
1359	1375
1359	1376
1359	1377
1359	1378
1359	1379
1360	258
1360	334
1360	335
1360	336
1360	500
1360	1085
1361	175
1361	176
1380	1141
1380	1142
1380	1143
1380	1144
1380	1145
1380	1381
1382	217
1382	218
1382	385
1382	386
1382	387
1382	404
1382	405
1382	860
1382	861
1382	936
1382	1051
1382	1209
1382	1242
1382	1261
1382	1262
1382	1373
1382	1374
1382	1383
1382	1384
1382	1385
1382	1386
1382	1387
1382	1388
1382	1389
1382	1390
1382	1391
1382	1392
1382	1393
1382	1394
1382	1395
1396	527
1397	1398
1399	49
1399	52
1399	294
1399	295
1399	322
1399	323
1399	324
1399	368
1399	369
1399	1070
1399	1081
1399	1148
1399	1149
1399	1150
1399	1151
1399	1199
1399	1335
1399	1340
1399	1400
1399	1401
1399	1402
1399	1403
1399	1404
1399	1405
1399	1406
1399	1407
1399	1408
1409	1410
1409	1411
1412	49
1412	156
1412	157
1412	158
1412	159
1412	160
1412	161
1412	162
1412	217
1412	218
1412	758
1412	1021
1412	1273
1412	1274
1413	1335
1413	1338
1413	1340
1413	1414
1415	667
1415	668
1415	669
1415	1416
1415	1417
1415	1418
1415	1419
1415	1420
1421	411
1422	1207
1422	1423
1423	4
1423	5
1423	59
1423	139
1423	167
1423	265
1423	277
1423	278
1423	461
1423	672
1423	1123
1423	1207
1423	1208
1423	1210
1423	1211
1423	1212
1423	1213
1423	1214
1423	1215
1423	1216
1423	1217
1423	1218
1423	1219
1423	1220
1423	1221
1423	1222
1423	1223
1423	1224
1423	1225
1423	1332
1423	1424
1423	1425
1423	1426
1423	1427
1428	290
1428	551
1428	552
1428	553
1428	554
1428	555
1428	556
1429	557
1429	558
1429	559
1429	1005
1429	1006
1429	1007
1429	1430
1429	1431
1429	1432
1433	1434
1433	1435
1433	1436
1433	1437
1433	1438
1433	1439
1433	1440
1433	1441
1433	1442
1433	1443
1433	1444
1445	613
1445	653
1445	1434
1445	1436
1445	1437
1445	1444
1445	1446
1445	1447
1445	1448
1445	1449
1445	1450
1451	569
1452	573
1452	574
1452	575
1452	576
1452	577
1452	578
1452	1146
1453	1454
1453	1455
1456	1457
1458	74
1458	75
1458	1234
1458	1236
1458	1237
1459	1460
1459	1461
1462	1463
1465	1466
1465	1467
1465	1468
1465	1469
1465	1470
1	2
3	4
3	5
6	7
6	8
6	9
10	11
12	13
12	14
12	15
12	16
12	17
12	18
12	19
12	20
12	21
12	22
23	24
23	25
23	26
23	27
23	28
23	29
23	30
23	31
23	32
24	33
24	34
24	35
36	37
36	38
36	39
36	40
36	41
36	42
36	43
36	44
36	45
36	46
47	48
47	49
47	50
47	51
47	52
47	53
47	54
47	55
47	56
47	57
47	58
47	59
47	60
47	61
47	62
47	63
47	64
47	65
47	66
47	67
47	68
47	69
47	70
47	71
47	72
47	73
47	74
47	75
47	76
47	77
47	78
47	79
47	80
47	81
47	82
47	83
47	84
47	85
47	86
47	87
47	88
47	89
47	90
47	91
47	92
47	93
47	94
47	95
47	96
47	97
47	98
47	99
47	100
47	101
47	102
47	103
47	104
47	105
47	106
47	107
47	108
47	109
47	110
47	111
47	112
47	113
47	114
47	115
47	116
47	117
47	118
47	119
47	120
47	121
47	122
47	123
47	124
47	125
47	126
47	127
47	128
47	129
47	130
47	131
47	132
47	133
47	134
47	135
47	136
47	137
47	138
47	139
47	140
47	141
47	142
47	143
47	144
47	145
47	146
47	147
47	148
47	149
47	150
47	151
47	152
47	153
47	154
47	155
47	156
47	157
47	158
47	159
47	160
47	161
47	162
47	163
47	164
47	165
47	166
47	167
47	168
47	169
47	170
47	171
47	172
47	173
47	174
47	175
47	176
47	177
47	178
47	179
48	63
48	64
48	65
49	52
49	266
49	294
49	295
49	464
49	465
49	1005
49	1006
49	1007
49	1068
49	1069
49	1071
49	1072
49	1073
50	113
50	114
51	45
51	46
51	582
51	583
51	584
180	181
180	182
180	183
180	184
180	185
180	186
180	187
180	188
180	189
180	190
180	191
180	192
180	193
181	61
181	185
181	190
181	191
181	192
181	193
181	404
181	405
181	538
181	731
181	732
194	195
194	196
194	197
194	198
194	199
194	200
194	201
194	202
194	203
194	204
194	205
194	206
194	207
194	208
194	209
194	210
194	211
194	212
194	213
194	214
194	215
194	216
194	217
194	218
194	219
194	220
194	221
194	222
194	223
194	224
194	225
194	226
194	227
194	228
194	229
194	230
231	232
231	233
234	235
234	236
234	237
235	520
235	521
235	522
235	523
238	239
238	240
238	241
238	242
243	244
243	245
243	246
243	247
243	248
243	249
243	250
251	252
251	253
254	13
254	19
254	20
254	22
254	36
254	37
254	38
254	39
254	40
254	41
254	42
254	43
254	44
254	45
254	46
254	49
254	51
254	52
254	59
254	60
254	61
254	68
254	69
254	70
254	71
254	72
254	73
254	76
254	77
254	78
254	79
254	80
254	84
254	86
254	90
254	91
254	92
254	93
254	94
254	95
254	96
254	103
254	115
254	116
254	138
254	139
254	143
254	163
254	164
254	165
254	166
254	167
254	168
254	170
254	171
254	172
254	173
254	175
254	176
254	179
254	190
254	191
254	193
254	195
254	196
254	197
254	204
254	223
254	224
254	225
254	226
254	227
254	228
254	229
254	230
254	235
254	236
254	237
254	255
254	256
254	257
254	258
254	259
254	260
254	261
254	262
254	263
254	264
254	265
254	266
254	267
254	268
254	269
254	270
254	271
254	272
254	273
254	274
254	275
254	276
254	277
254	278
254	279
254	280
254	281
254	282
254	283
254	284
254	285
254	286
254	287
254	288
254	289
254	290
254	291
254	292
254	293
254	294
254	295
254	296
254	297
254	298
254	299
254	300
254	301
254	302
254	303
254	304
254	305
254	306
254	307
254	308
254	309
254	310
254	311
254	312
254	313
254	314
254	315
254	316
254	317
254	318
254	319
254	320
254	321
254	322
254	323
254	324
254	325
254	326
254	327
254	328
254	329
254	330
254	331
254	332
254	333
254	334
254	335
254	336
254	337
254	338
254	339
254	340
254	341
254	342
254	343
254	344
254	345
254	346
254	347
254	348
254	349
254	350
254	351
254	352
254	353
254	354
254	355
254	356
254	357
254	358
254	359
254	360
254	361
254	362
254	363
254	364
254	365
254	366
254	367
254	368
254	369
254	370
254	371
254	372
254	373
254	374
254	375
254	376
254	377
254	378
254	379
254	380
254	381
254	382
254	383
254	384
254	385
254	386
254	387
254	388
254	389
254	390
254	391
254	392
254	393
254	394
254	395
254	396
254	397
254	398
254	399
254	400
254	401
254	402
254	403
254	404
254	405
254	406
254	407
254	408
254	409
254	410
254	411
254	412
254	413
254	414
254	415
254	416
254	417
254	418
254	419
254	420
254	421
254	422
254	423
254	424
254	425
254	426
254	427
254	428
254	429
254	430
254	431
254	432
254	433
254	434
254	435
254	436
254	437
254	438
254	439
254	440
254	441
254	442
254	443
254	444
254	445
254	446
254	447
254	448
254	449
254	450
254	451
254	452
254	453
254	454
254	455
254	456
254	457
254	458
254	459
254	460
254	461
254	462
254	463
254	464
254	465
254	466
254	467
254	468
254	469
254	470
254	471
254	472
254	473
254	474
254	475
254	476
254	477
254	478
254	479
254	480
254	481
254	482
254	483
254	484
254	485
254	486
254	487
254	488
254	489
254	490
254	491
254	492
254	493
254	494
254	495
254	496
254	497
254	498
254	499
254	500
254	501
254	502
254	503
254	504
254	505
254	506
254	507
254	508
254	509
254	510
254	511
254	512
254	513
254	514
254	515
254	516
254	517
254	518
254	519
254	520
254	521
254	522
254	523
254	524
254	525
254	526
254	527
254	528
254	529
254	530
254	531
254	532
254	533
254	534
254	535
254	536
254	537
254	538
254	539
254	540
254	541
254	542
254	543
254	544
254	545
254	546
254	547
254	548
254	549
254	550
254	551
254	552
254	553
254	554
254	555
254	556
254	557
254	558
254	559
254	560
254	561
254	562
254	563
254	564
254	565
254	566
254	567
254	568
254	569
254	570
254	571
254	572
254	573
254	574
254	575
254	576
254	577
254	578
254	579
254	580
254	581
254	582
254	583
254	584
254	585
254	586
254	587
254	588
254	589
254	590
254	591
254	592
254	593
254	594
254	595
254	596
254	597
254	598
254	599
254	600
255	68
255	69
255	70
255	71
255	72
255	73
255	364
255	365
255	366
255	367
256	327
256	328
256	329
256	330
256	331
257	325
258	334
258	335
258	336
258	618
258	619
258	620
258	676
258	677
258	678
258	679
258	680
258	681
258	682
258	683
258	684
258	685
258	686
258	687
258	688
258	689
258	690
259	326
259	347
259	348
259	349
259	350
259	498
259	518
259	538
259	562
259	563
260	301
260	303
260	346
260	721
260	722
260	723
260	724
260	725
260	726
261	139
261	276
261	333
261	458
261	459
261	460
261	525
261	526
261	599
263	49
263	51
263	52
263	53
263	54
263	55
263	56
263	57
263	58
263	60
263	82
263	83
263	115
263	119
263	120
263	121
263	122
263	123
263	124
263	125
263	126
263	127
263	128
263	129
263	130
263	131
263	132
263	138
263	139
263	179
263	190
263	191
263	193
263	217
263	218
263	254
263	268
263	277
263	278
263	279
263	294
263	295
263	304
263	305
263	306
263	312
263	313
263	315
263	318
263	342
263	351
263	389
263	390
263	391
263	396
263	397
263	404
263	405
263	411
263	419
263	420
263	451
263	452
263	453
263	461
263	462
263	492
263	493
263	494
263	501
263	519
263	560
263	582
263	583
263	584
263	597
263	652
263	774
263	792
263	793
263	794
263	829
263	830
263	831
263	832
263	833
263	844
263	845
263	846
263	847
263	848
263	849
263	850
263	862
263	863
263	907
263	908
263	909
263	910
263	911
263	912
263	913
263	914
263	915
263	916
263	917
263	918
263	919
263	920
263	921
263	922
263	923
263	924
263	925
263	926
263	927
263	928
263	929
263	930
263	931
263	932
263	933
263	934
263	935
263	936
263	937
263	938
263	939
263	940
263	941
263	942
263	943
263	944
263	945
263	946
263	947
263	948
263	949
263	950
263	951
263	952
263	953
263	954
263	955
263	956
263	957
263	958
263	959
263	960
263	961
263	962
263	963
263	964
263	965
263	966
263	967
263	968
263	969
263	970
263	971
265	76
265	77
265	78
265	79
265	80
265	133
265	134
265	135
265	136
265	137
265	151
265	163
265	164
265	165
265	166
265	167
265	170
265	171
265	172
265	173
265	352
265	353
265	354
265	355
265	356
265	357
265	362
265	770
265	771
265	772
265	773
265	774
265	801
265	805
265	806
265	807
265	808
265	809
265	813
265	871
265	1008
265	1009
265	1010
265	1011
265	1012
265	1013
265	1014
265	1015
265	1016
265	1017
265	1018
265	1019
265	1020
265	1021
265	1022
265	1023
265	1024
265	1025
265	1026
265	1027
265	1028
265	1029
265	1030
265	1031
265	1032
265	1033
265	1034
265	1035
265	1036
265	1037
265	1038
265	1039
265	1040
265	1041
265	1042
265	1043
265	1044
265	1045
265	1046
265	1047
265	1048
265	1049
265	1050
265	1051
265	1052
265	1053
265	1054
265	1055
265	1056
265	1057
265	1058
265	1059
265	1060
265	1061
265	1062
265	1063
265	1064
265	1065
265	1066
265	1067
266	49
266	52
266	66
266	67
266	195
266	196
266	197
266	294
266	295
266	464
266	465
266	758
266	1005
266	1006
266	1007
266	1068
266	1069
266	1070
266	1071
267	378
267	379
267	380
267	381
267	382
267	469
267	470
267	471
267	1074
268	97
268	98
268	99
268	100
268	101
268	102
269	304
269	305
269	306
269	307
269	393
269	395
269	396
269	397
269	398
271	370
271	421
271	422
271	423
271	424
271	425
271	426
271	427
271	428
271	429
271	430
272	431
272	432
272	433
272	434
273	438
273	439
273	440
274	443
274	444
274	445
274	446
274	447
274	448
274	449
274	550
275	456
275	457
276	441
276	451
276	452
276	453
276	454
276	455
276	820
276	821
276	1205
277	4
277	5
277	59
277	167
277	278
277	461
277	672
277	1005
277	1006
277	1007
277	1068
277	1071
277	1123
277	1206
277	1207
277	1208
277	1209
277	1210
277	1211
277	1212
277	1213
277	1214
277	1215
277	1216
277	1217
277	1218
277	1219
277	1220
277	1221
277	1222
277	1223
277	1224
277	1225
277	1226
278	277
278	461
279	462
279	934
280	466
280	467
281	472
281	473
281	474
281	475
281	476
281	477
283	256
283	327
283	328
283	329
283	330
283	331
283	381
283	458
283	459
283	460
283	485
283	486
283	487
283	488
283	489
283	490
283	1095
283	1267
283	1268
284	89
284	251
284	258
284	334
284	335
284	336
284	496
284	500
284	635
284	1123
284	1321
284	1322
284	1323
285	265
285	400
285	579
285	580
285	811
285	812
285	819
285	882
285	1030
285	1045
285	1055
285	1056
285	1057
285	1058
285	1059
285	1060
285	1213
285	1218
285	1221
285	1222
285	1324
285	1325
285	1326
285	1327
285	1328
285	1329
285	1330
285	1331
285	1332
286	76
286	77
286	78
286	79
286	80
286	97
286	98
286	99
286	100
286	101
286	102
286	115
286	119
286	179
286	298
286	299
286	1010
286	1011
286	1012
286	1013
286	1014
286	1334
286	1335
286	1336
286	1337
286	1338
286	1339
286	1340
286	1341
286	1342
286	1343
286	1344
286	1345
286	1346
286	1347
286	1348
286	1349
286	1350
288	289
289	143
289	288
289	534
289	535
289	536
290	551
290	552
290	553
290	554
290	555
290	556
291	400
291	570
291	571
291	572
291	579
291	580
292	450
292	542
292	543
292	544
292	592
292	593
292	594
292	595
292	596
293	600
293	1464
601	66
601	67
602	603
602	604
602	605
602	606
602	607
602	608
602	609
602	610
602	611
612	243
612	244
612	245
612	246
612	247
612	248
612	249
612	250
612	258
612	334
612	335
612	336
612	500
612	518
612	613
612	614
612	615
612	616
612	617
612	618
612	619
612	620
612	621
612	622
612	623
612	624
612	625
612	626
612	627
612	628
612	629
612	630
612	631
612	632
612	633
612	634
612	635
612	636
612	637
612	638
612	639
612	640
612	641
612	642
612	643
612	644
612	645
612	646
612	647
612	648
612	649
650	74
650	75
650	76
650	77
650	78
650	79
650	80
650	115
650	258
650	268
650	277
650	278
650	282
650	286
650	296
650	297
650	298
650	299
650	300
650	333
650	334
650	335
650	336
650	342
650	359
650	361
650	383
650	458
650	459
650	460
650	461
650	481
650	482
650	492
650	493
650	494
650	514
650	520
650	521
650	522
650	523
650	525
650	526
650	651
650	652
650	653
650	654
650	655
650	656
650	657
650	658
650	659
650	660
650	661
650	662
650	663
650	664
650	665
650	666
650	667
650	668
650	669
650	670
650	671
650	672
673	451
673	452
673	453
673	674
673	675
691	692
691	693
691	694
691	695
691	696
691	697
691	698
699	700
699	701
699	702
699	703
699	704
705	706
705	707
705	708
709	602
709	603
709	604
709	605
709	606
709	607
709	608
709	609
709	610
709	611
709	710
709	711
709	712
709	713
709	714
709	715
709	716
717	718
717	719
717	720
721	116
721	360
721	722
721	733
721	734
721	735
721	736
721	737
721	738
721	739
727	347
727	348
727	349
727	350
727	562
728	338
728	729
728	730
740	4
740	5
741	266
741	464
741	465
741	742
741	743
741	744
741	745
741	746
741	747
741	748
741	749
741	750
741	751
742	266
742	464
742	465
752	291
752	579
752	580
752	753
752	754
752	755
756	47
756	49
756	52
756	59
756	61
756	68
756	69
756	70
756	71
756	72
756	73
756	74
756	75
756	76
756	77
756	78
756	79
756	80
756	81
756	90
756	115
756	117
756	118
756	119
756	120
756	121
756	122
756	123
756	124
756	125
756	126
756	127
756	128
756	129
756	130
756	131
756	132
756	138
756	140
756	167
756	170
756	171
756	172
756	173
756	174
756	179
756	195
756	196
756	197
756	255
756	260
756	271
756	286
756	290
756	298
756	299
756	303
756	304
756	305
756	306
756	314
756	318
756	320
756	342
756	345
756	346
756	364
756	365
756	366
756	367
756	370
756	385
756	386
756	387
756	396
756	397
756	411
756	421
756	422
756	423
756	424
756	425
756	426
756	427
756	428
756	429
756	430
756	492
756	493
756	494
756	551
756	552
756	553
756	554
756	555
756	556
756	601
756	603
756	604
756	605
756	606
756	607
756	652
756	694
756	695
756	696
756	697
756	698
756	723
756	724
756	725
756	726
756	743
756	744
756	753
756	755
756	757
756	758
756	759
756	760
756	761
756	762
756	763
756	764
756	765
756	766
756	767
756	768
756	769
756	770
756	771
756	772
756	773
756	774
756	775
756	776
756	777
756	778
756	779
756	780
756	781
756	782
756	783
756	784
756	785
756	786
756	787
756	788
756	789
756	790
756	791
756	792
756	793
756	794
756	795
756	796
756	797
756	798
756	799
756	800
756	801
756	802
756	803
756	804
756	805
756	806
756	807
756	808
756	809
756	810
756	811
756	812
756	813
756	814
756	815
756	816
756	817
756	818
756	819
756	820
756	821
756	822
756	823
756	824
756	825
756	826
756	827
756	828
756	829
756	830
756	831
756	832
756	833
756	834
756	835
756	836
756	837
756	838
756	839
756	840
756	841
756	842
756	843
756	844
756	845
756	846
756	847
756	848
756	849
756	850
756	851
756	852
756	853
756	854
756	855
756	856
756	857
756	858
756	859
756	860
756	861
756	862
756	863
756	864
756	865
756	866
756	867
756	868
756	869
756	870
756	871
756	872
756	873
756	874
756	875
756	876
756	877
756	878
756	879
756	880
756	881
756	882
756	883
756	884
756	885
756	886
756	887
757	814
757	815
757	816
757	817
757	894
757	895
757	896
757	897
757	898
757	899
757	900
757	901
757	902
757	903
757	904
757	905
757	906
758	49
758	52
758	266
758	294
758	295
758	464
758	465
758	1005
758	1006
758	1007
758	1068
758	1071
759	53
759	54
759	55
759	56
759	57
759	58
759	90
759	104
759	105
759	106
759	107
759	108
759	109
759	110
759	111
759	117
759	118
759	120
759	121
759	122
759	123
759	124
759	125
759	126
759	127
759	128
759	129
759	130
759	131
759	132
759	138
759	260
759	303
759	320
759	342
759	345
759	346
759	492
759	493
759	494
759	652
759	763
759	764
759	779
759	780
759	781
759	782
759	783
759	784
759	785
759	786
759	791
759	792
759	793
759	794
759	795
759	802
759	803
759	804
759	811
759	812
759	822
759	823
759	824
759	825
759	826
759	827
759	828
759	829
759	830
759	831
759	832
759	833
759	840
759	841
759	844
759	845
759	846
759	847
759	848
759	849
759	850
759	873
759	874
759	875
759	876
759	877
759	878
759	883
759	884
759	885
759	886
759	895
759	1270
759	1271
762	1067
888	889
888	890
891	82
891	83
891	85
891	86
891	87
891	88
891	89
891	889
891	890
891	892
891	893
892	296
892	297
892	300
972	879
972	973
972	974
972	975
972	976
972	977
972	978
972	979
972	980
972	981
972	982
972	983
972	984
972	985
972	986
972	987
972	988
972	989
972	990
972	991
972	992
972	993
972	994
972	995
972	996
972	997
972	998
972	999
972	1000
972	1001
972	1002
973	258
973	266
973	294
973	295
973	334
973	335
973	336
973	368
973	369
973	464
973	465
973	1003
973	1004
973	1005
973	1006
973	1007
1003	258
1003	334
1003	335
1003	336
1003	601
1003	1243
1003	1244
1003	1245
1008	1052
1008	1053
1074	267
1074	378
1074	379
1074	380
1074	381
1074	382
1074	469
1074	470
1074	471
1075	385
1075	386
1075	387
1075	1076
1077	1078
1079	272
1079	399
1079	401
1079	402
1079	431
1079	432
1079	433
1079	434
1079	654
1079	655
1080	49
1080	52
1080	66
1080	67
1080	74
1080	75
1080	322
1080	323
1080	324
1080	342
1080	368
1080	369
1080	411
1080	492
1080	493
1080	494
1080	733
1080	758
1080	917
1080	1005
1080	1006
1080	1007
1080	1031
1080	1033
1080	1034
1080	1035
1080	1036
1080	1037
1080	1038
1080	1039
1080	1040
1080	1041
1080	1042
1080	1043
1080	1044
1080	1069
1080	1081
1080	1082
1080	1083
1080	1084
1080	1085
1080	1086
1080	1087
1080	1088
1080	1089
1080	1090
1080	1091
1080	1092
1080	1093
1080	1094
1080	1095
1080	1096
1080	1097
1080	1098
1080	1099
1080	1100
1080	1101
1080	1102
1080	1103
1080	1104
1080	1105
1080	1106
1080	1107
1080	1108
1080	1109
1080	1110
1080	1111
1081	322
1081	323
1081	324
1081	1086
1081	1087
1081	1088
1081	1089
1081	1090
1081	1091
1081	1092
1082	7
1082	66
1082	67
1082	182
1082	189
1082	195
1082	196
1082	197
1082	319
1082	337
1082	343
1082	344
1082	375
1082	376
1082	377
1082	385
1082	386
1082	387
1082	442
1082	501
1082	540
1082	541
1082	635
1082	652
1082	761
1082	919
1082	939
1082	947
1082	954
1082	1005
1082	1006
1082	1007
1082	1083
1082	1094
1082	1096
1082	1097
1082	1099
1082	1100
1082	1101
1082	1102
1082	1123
1082	1133
1082	1134
1082	1135
1082	1136
1082	1137
1082	1138
1082	1139
1082	1140
1082	1197
1082	1198
1082	1199
1082	1200
1082	1201
1082	1202
1082	1203
1082	1204
1112	378
1112	379
1112	380
1112	382
1113	1114
1113	1115
1113	1116
1113	1117
1113	1118
1119	368
1119	369
1120	1121
1122	11
1122	90
1122	97
1122	98
1122	99
1122	100
1122	101
1122	102
1122	103
1122	119
1122	120
1122	121
1122	122
1122	123
1122	124
1122	125
1122	126
1122	127
1122	128
1122	129
1122	130
1122	131
1122	132
1122	138
1122	167
1122	170
1122	171
1122	172
1122	173
1122	195
1122	196
1122	197
1122	217
1122	218
1122	239
1122	240
1122	241
1122	242
1122	258
1122	263
1122	284
1122	290
1122	292
1122	296
1122	297
1122	300
1122	312
1122	313
1122	334
1122	335
1122	336
1122	342
1122	351
1122	358
1122	384
1122	396
1122	397
1122	418
1122	450
1122	492
1122	493
1122	494
1122	496
1122	500
1122	501
1122	502
1122	503
1122	504
1122	505
1122	506
1122	507
1122	508
1122	509
1122	510
1122	511
1122	512
1122	513
1122	538
1122	542
1122	543
1122	544
1122	551
1122	552
1122	553
1122	554
1122	555
1122	556
1122	573
1122	574
1122	575
1122	576
1122	577
1122	578
1122	592
1122	593
1122	594
1122	595
1122	596
1122	597
1122	603
1122	604
1122	605
1122	606
1122	607
1122	635
1122	756
1122	757
1122	761
1122	768
1122	769
1122	792
1122	793
1122	794
1122	814
1122	815
1122	816
1122	817
1122	829
1122	830
1122	831
1122	832
1122	833
1122	844
1122	845
1122	846
1122	847
1122	848
1122	849
1122	850
1122	854
1122	856
1122	857
1122	858
1122	859
1122	893
1122	896
1122	897
1122	898
1122	899
1122	900
1122	901
1122	902
1122	903
1122	904
1122	906
1122	1015
1122	1055
1122	1056
1122	1057
1122	1058
1122	1059
1122	1060
1122	1078
1122	1094
1122	1095
1122	1096
1122	1097
1122	1099
1122	1100
1122	1101
1122	1102
1122	1123
1122	1124
1122	1125
1122	1126
1122	1127
1122	1128
1122	1129
1122	1130
1122	1131
1122	1132
1122	1133
1122	1134
1122	1135
1122	1136
1122	1137
1122	1138
1122	1139
1122	1140
1122	1141
1122	1142
1122	1143
1122	1144
1122	1145
1122	1146
1122	1147
1122	1148
1122	1149
1122	1150
1122	1151
1152	1153
1154	53
1154	54
1154	55
1154	56
1154	57
1154	58
1154	822
1154	823
1154	824
1154	825
1154	826
1154	827
1154	828
1154	1055
1154	1056
1154	1057
1154	1058
1154	1059
1154	1060
1154	1155
1154	1156
1154	1157
1154	1158
1154	1159
1154	1160
1154	1161
1162	654
1162	655
1163	1164
1163	1165
1163	1166
1163	1167
1168	169
1168	177
1168	539
1168	1169
1168	1170
1168	1171
1168	1172
1168	1173
1168	1174
1168	1175
1168	1176
1168	1177
1168	1178
1168	1179
1168	1180
1168	1181
1168	1182
1168	1183
1168	1184
1168	1185
1168	1186
1168	1187
1168	1188
1168	1189
1168	1190
1168	1191
1168	1192
1168	1193
1168	1194
1168	1195
1196	368
1196	369
1196	1098
1206	4
1206	5
1206	59
1206	277
1206	278
1206	461
1206	1123
1206	1211
1206	1212
1206	1213
1206	1214
1206	1218
1206	1219
1206	1221
1206	1222
1206	1223
1206	1224
1206	1225
1227	368
1227	369
1228	1109
1228	1110
1228	1111
1229	1230
1229	1231
1229	1232
1229	1233
1229	1234
1229	1235
1229	1236
1229	1237
1229	1238
1239	813
1239	1240
1239	1241
1239	1242
1246	1247
1246	1248
1249	917
1249	1045
1249	1250
1249	1251
1252	347
1252	348
1252	349
1252	350
1252	478
1252	479
1252	480
1252	694
1252	695
1252	696
1252	697
1252	698
1252	759
1252	779
1252	780
1252	781
1252	782
1252	783
1252	784
1252	785
1252	786
1252	792
1252	793
1252	794
1252	822
1252	823
1252	824
1252	825
1252	826
1252	827
1252	828
1252	834
1252	896
1252	897
1252	898
1252	899
1252	900
1252	901
1252	902
1252	903
1252	904
1253	151
1253	1254
1253	1255
1256	483
1256	484
1257	186
1257	375
1257	376
1257	377
1257	540
1257	1258
1257	1259
1257	1260
1257	1261
1257	1262
1263	1264
1263	1265
1263	1266
1269	489
1269	490
1269	908
1269	909
1269	910
1269	911
1269	912
1269	1095
1272	53
1272	54
1272	55
1272	56
1272	57
1272	58
1272	342
1272	492
1272	493
1272	494
1272	779
1272	780
1272	781
1272	782
1272	783
1272	784
1272	785
1272	786
1272	802
1272	803
1272	804
1272	811
1272	812
1272	822
1272	823
1272	824
1272	825
1272	826
1272	827
1272	828
1272	840
1272	841
1272	844
1272	845
1272	846
1272	847
1272	848
1272	849
1272	850
1272	873
1272	874
1272	875
1272	876
1272	877
1272	878
1272	1270
1272	1271
1273	1274
1275	1199
1275	1276
1275	1277
1275	1278
1275	1279
1275	1280
1281	840
1281	841
1282	190
1282	191
1282	193
1282	842
1282	843
1282	1047
1282	1048
1282	1049
1282	1050
1283	119
1283	262
1283	298
1283	299
1283	326
1283	757
1283	811
1283	812
1283	813
1283	814
1283	815
1283	816
1283	817
1283	844
1283	845
1283	846
1283	847
1283	848
1283	849
1283	850
1283	881
1283	896
1283	897
1283	898
1283	899
1283	900
1283	901
1283	902
1283	903
1283	904
1283	906
1283	973
1283	989
1283	997
1283	1015
1283	1055
1283	1056
1283	1057
1283	1058
1283	1059
1283	1060
1283	1082
1283	1131
1283	1270
1283	1271
1283	1281
1283	1284
1283	1285
1283	1286
1283	1287
1283	1288
1283	1289
1283	1290
1283	1291
1283	1292
1283	1293
1283	1294
1283	1295
1283	1296
1283	1297
1283	1298
1283	1299
1283	1300
1283	1301
1283	1302
1283	1303
1283	1304
1283	1305
1283	1306
1283	1307
1283	1308
1283	1309
1283	1310
1283	1311
1283	1312
1283	1313
1283	1314
1283	1315
1283	1316
1283	1317
1283	1318
1283	1319
1320	212
1320	213
1320	214
1320	215
1320	216
1320	389
1320	390
1320	391
1320	1127
1320	1129
1320	1130
1333	502
1333	503
1333	504
1333	505
1333	506
1333	507
1333	508
1333	509
1333	510
1333	511
1333	512
1333	513
1351	217
1351	218
1352	180
1352	524
1352	564
1352	565
1352	566
1352	567
1352	568
1352	654
1352	854
1352	856
1352	857
1352	858
1352	859
1352	1085
1352	1319
1352	1353
1352	1354
1352	1355
1352	1356
1352	1357
1352	1358
1359	89
1359	156
1359	157
1359	158
1359	159
1359	160
1359	161
1359	162
1359	201
1359	266
1359	485
1359	709
1359	742
1359	747
1359	748
1359	758
1359	1005
1359	1006
1359	1007
1359	1069
1359	1205
1359	1219
1359	1223
1359	1224
1359	1225
1359	1232
1359	1235
1359	1360
1359	1361
1359	1362
1359	1363
1359	1364
1359	1365
1359	1366
1359	1367
1359	1368
1359	1369
1359	1370
1359	1371
1359	1372
1359	1373
1359	1374
1359	1375
1359	1376
1359	1377
1359	1378
1359	1379
1360	258
1360	334
1360	335
1360	336
1360	500
1360	1085
1361	175
1361	176
1380	1141
1380	1142
1380	1143
1380	1144
1380	1145
1380	1381
1382	217
1382	218
1382	385
1382	386
1382	387
1382	404
1382	405
1382	860
1382	861
1382	936
1382	1051
1382	1209
1382	1242
1382	1261
1382	1262
1382	1373
1382	1374
1382	1383
1382	1384
1382	1385
1382	1386
1382	1387
1382	1388
1382	1389
1382	1390
1382	1391
1382	1392
1382	1393
1382	1394
1382	1395
1396	527
1397	1398
1399	49
1399	52
1399	294
1399	295
1399	322
1399	323
1399	324
1399	368
1399	369
1399	1070
1399	1081
1399	1148
1399	1149
1399	1150
1399	1151
1399	1199
1399	1335
1399	1340
1399	1400
1399	1401
1399	1402
1399	1403
1399	1404
1399	1405
1399	1406
1399	1407
1399	1408
1409	1410
1409	1411
1412	49
1412	156
1412	157
1412	158
1412	159
1412	160
1412	161
1412	162
1412	217
1412	218
1412	758
1412	1021
1412	1273
1412	1274
1413	1335
1413	1338
1413	1340
1413	1414
1415	667
1415	668
1415	669
1415	1416
1415	1417
1415	1418
1415	1419
1415	1420
1421	411
1422	1207
1422	1423
1423	4
1423	5
1423	59
1423	139
1423	167
1423	265
1423	277
1423	278
1423	461
1423	672
1423	1123
1423	1207
1423	1208
1423	1210
1423	1211
1423	1212
1423	1213
1423	1214
1423	1215
1423	1216
1423	1217
1423	1218
1423	1219
1423	1220
1423	1221
1423	1222
1423	1223
1423	1224
1423	1225
1423	1332
1423	1424
1423	1425
1423	1426
1423	1427
1428	290
1428	551
1428	552
1428	553
1428	554
1428	555
1428	556
1429	557
1429	558
1429	559
1429	1005
1429	1006
1429	1007
1429	1430
1429	1431
1429	1432
1433	1434
1433	1435
1433	1436
1433	1437
1433	1438
1433	1439
1433	1440
1433	1441
1433	1442
1433	1443
1433	1444
1445	613
1445	653
1445	1434
1445	1436
1445	1437
1445	1444
1445	1446
1445	1447
1445	1448
1445	1449
1445	1450
1451	569
1452	573
1452	574
1452	575
1452	576
1452	577
1452	578
1452	1146
1453	1454
1453	1455
1456	1457
1458	74
1458	75
1458	1234
1458	1236
1458	1237
1459	1460
1459	1461
1462	1463
1465	1466
1465	1467
1465	1468
1465	1469
1465	1470
