1 2
1 3
1 4
1 5
1 6
1 7
1 8
1 9
1 10
1 11
1 12
1 13
1 14
1 15
1 16
1 18
1 21
1 23
1 24
1 25
1 26
1 30
1 31
1 33
1 34
1 36
1 37
1 40
1 43
1 44
1 49
1 52
1 53
1 56
1 57
1 68
1 74
1 75
1 76
1 78
1 80
1 114
1 121
1 126
1 136
1 164
2 1
2 3
2 4
2 5
2 6
2 7
2 8
2 9
2 11
2 12
2 13
2 14
2 17
2 29
2 32
2 35
2 74
2 76
2 77
2 79
2 80
2 89
2 93
2 96
2 99
2 112
2 116
2 121
2 123
2 128
2 188
3 1
3 2
3 4
3 5
3 7
3 8
3 9
3 11
3 12
3 13
3 17
3 79
3 86
3 89
3 90
3 94
3 96
3 99
3 103
3 121
3 123
3 124
3 188
4 1
4 2
4 3
4 5
4 6
4 7
4 8
4 9
4 11
4 13
4 14
4 16
4 18
4 21
4 24
4 25
4 26
4 27
4 35
4 40
4 49
4 52
4 74
4 76
4 80
4 126
4 136
5 1
5 2
5 4
5 6
5 8
5 9
5 10
5 11
5 12
5 13
5 14
5 16
5 21
5 25
5 27
5 74
5 75
5 80
5 114
5 126
5 136
6 1
6 2
6 3
6 4
6 5
6 8
6 9
6 11
6 12
6 13
6 16
6 18
6 30
6 31
6 36
6 49
6 52
6 53
6 56
6 74
6 126
6 136
7 1
7 2
7 3
7 5
7 8
7 9
7 11
7 12
7 13
7 14
7 76
8 1
8 2
8 3
8 4
8 7
8 9
8 11
8 12
8 13
8 14
8 20
8 74
9 1
9 2
9 3
9 4
9 5
9 6
9 7
9 8
9 13
9 74
9 76
9 126
9 136
10 1
10 2
10 3
10 4
10 5
10 6
10 7
10 8
10 9
10 11
10 12
10 13
10 14
10 15
10 16
10 18
10 20
10 21
10 22
10 23
10 24
10 25
10 26
10 36
10 40
10 43
10 52
10 74
10 76
10 78
10 80
10 126
10 127
10 156
10 190
11 1
11 2
11 3
11 4
11 6
11 7
11 8
11 9
11 12
11 13
11 14
11 76
12 1
12 2
12 3
12 5
12 7
12 8
12 11
12 13
12 76
13 1
13 2
13 3
13 5
13 6
13 7
13 8
13 9
13 11
13 12
13 14
14 1
14 2
14 4
14 5
14 7
14 8
14 9
14 11
14 35
15 2
15 4
15 7
15 8
15 9
15 11
15 12
15 13
15 14
15 32
15 34
15 35
15 36
15 39
15 42
15 115
15 121
15 123
15 125
15 127
15 131
15 148
16 1
16 2
16 3
16 4
16 5
16 6
16 7
16 9
16 11
16 13
16 14
16 35
16 74
16 76
17 2
17 3
17 76
17 77
17 90
17 92
17 96
17 103
17 114
17 124
17 188
17 190
18 1
18 4
18 14
18 28
18 45
18 46
18 53
18 58
18 59
18 64
19 1
19 2
19 3
19 4
19 5
19 6
19 7
19 8
19 9
19 12
19 16
19 35
19 74
19 82
19 108
20 2
20 7
20 8
20 11
20 14
20 35
20 77
20 120
20 152
20 162
20 170
21 1
21 2
21 3
21 4
21 5
21 6
21 7
21 8
21 9
21 11
21 12
21 13
21 74
21 76
22 1
22 2
22 3
22 4
22 7
22 8
22 12
22 13
22 35
22 115
22 121
22 122
22 123
22 140
22 188
23 1
23 2
23 3
23 4
23 5
23 7
23 8
23 9
23 11
23 12
23 13
23 14
23 20
23 35
23 76
24 1
24 4
24 14
24 33
24 39
24 44
24 64
24 187
25 1
25 2
25 4
25 5
25 9
25 11
25 14
25 35
26 1
26 2
26 4
26 9
26 11
26 14
26 35
27 2
27 3
27 4
27 5
27 7
27 9
27 74
27 76
28 1
28 5
28 6
28 37
28 69
29 3
29 74
29 76
29 186
30 1
30 5
30 6
31 1
31 5
31 6
32 2
32 3
32 15
32 33
32 34
32 35
32 36
32 37
32 39
32 40
32 42
32 43
32 45
32 46
32 47
32 50
32 51
32 56
32 60
32 61
32 67
32 70
32 71
32 72
32 73
32 74
32 75
32 76
32 77
32 78
32 79
32 81
32 82
32 84
32 89
32 93
32 97
32 98
32 99
32 105
32 107
32 111
32 114
32 116
32 117
32 119
32 120
32 122
32 123
32 124
32 129
32 131
32 132
32 134
32 139
32 140
32 185
32 186
32 188
32 190
32 192
32 195
32 212
33 1
33 2
33 3
33 5
33 6
33 18
33 24
33 32
33 34
33 36
33 37
33 38
33 39
33 40
33 41
33 43
33 44
33 45
33 46
33 49
33 50
33 52
33 54
33 55
33 56
33 57
33 68
33 74
33 78
33 80
33 82
33 87
33 89
33 91
33 101
33 114
33 116
33 117
33 119
33 124
33 129
33 150
33 185
33 187
33 189
33 191
33 192
33 194
33 196
33 199
33 201
33 204
33 205
33 207
33 211
33 215
34 1
34 2
34 5
34 6
34 32
34 33
34 36
34 37
34 38
34 39
34 41
34 42
34 43
34 44
34 46
34 48
34 49
34 50
34 54
34 57
34 74
34 75
34 78
34 80
34 82
34 87
34 88
34 89
34 91
34 97
34 99
34 101
34 105
34 114
34 116
34 119
34 121
34 124
34 126
34 129
34 136
34 187
34 191
34 192
34 194
34 196
34 207
34 215
35 2
35 3
35 18
35 24
35 32
35 34
35 36
35 37
35 39
35 40
35 42
35 43
35 44
35 48
35 50
35 52
35 57
35 68
35 74
35 75
35 76
35 77
35 79
35 80
35 82
35 86
35 89
35 90
35 93
35 94
35 97
35 99
35 112
35 116
35 121
35 124
35 129
35 152
35 159
35 162
35 169
35 170
35 199
35 212
36 1
36 2
36 3
36 8
36 24
36 32
36 33
36 35
36 37
36 38
36 43
36 46
36 49
36 50
36 52
36 53
36 55
36 57
36 78
36 79
36 80
36 88
36 105
36 116
36 119
36 126
36 129
36 132
36 136
36 187
36 196
36 212
37 1
37 4
37 6
37 14
37 16
37 19
37 25
37 28
37 32
37 33
37 34
37 38
37 39
37 40
37 44
37 45
37 46
37 53
37 54
37 58
37 59
37 64
37 74
37 77
37 78
37 79
37 80
37 82
37 93
37 108
38 2
38 3
38 33
38 34
38 36
38 37
38 39
38 40
38 41
38 44
38 45
38 46
38 54
38 55
38 56
38 58
38 63
38 67
38 76
38 77
38 82
38 85
38 186
38 187
38 191
38 196
38 199
38 200
38 202
38 212
38 213
38 215
38 224
39 24
39 34
39 37
39 38
39 41
39 42
39 43
39 44
39 48
39 49
39 52
39 55
40 1
40 2
40 4
40 11
40 13
40 14
40 18
40 24
40 32
40 34
40 35
40 36
40 37
40 38
40 39
40 41
40 42
40 43
40 44
40 46
40 48
40 49
40 52
40 57
40 64
40 69
40 74
40 77
40 78
40 79
40 80
40 87
40 89
40 132
40 187
41 33
41 34
41 36
41 37
41 38
41 39
41 40
41 42
41 44
41 45
41 48
41 58
41 63
41 67
41 82
41 85
41 88
41 114
41 115
41 135
41 187
41 192
41 198
41 199
41 200
41 202
41 215
41 219
42 46
42 56
43 1
43 5
43 6
43 28
43 33
43 34
43 39
43 42
43 44
43 45
43 46
43 48
43 53
43 58
43 59
43 64
43 187
44 34
44 37
44 38
44 39
44 42
44 43
44 48
44 49
44 52
44 55
44 57
45 33
45 35
45 37
45 38
45 41
45 47
45 49
45 54
45 65
45 69
45 74
45 75
45 76
45 78
45 79
45 80
45 81
45 93
45 114
45 117
45 185
45 187
46 1
46 32
46 33
46 34
46 35
46 36
46 37
46 38
46 42
46 44
46 48
46 53
46 54
46 65
46 69
46 74
46 76
46 79
46 80
47 2
47 3
47 7
47 12
47 36
47 37
47 39
47 41
47 42
47 48
47 50
47 60
47 77
47 78
47 79
47 84
47 89
47 99
47 118
47 128
47 194
48 46
49 1
49 4
49 5
49 6
49 14
49 28
49 33
49 34
49 39
49 40
49 42
49 44
49 45
49 46
49 48
49 53
49 58
49 59
49 64
49 82
49 187
50 6
50 32
50 74
50 75
50 76
50 80
50 114
50 116
50 129
50 133
50 157
50 167
50 186
51 2
51 32
51 34
51 35
51 36
51 37
51 39
51 42
51 43
51 44
51 48
51 74
51 79
51 82
51 114
51 115
51 117
51 132
51 146
51 152
51 162
51 170
52 1
52 4
52 5
52 6
52 14
52 33
52 34
52 39
52 42
52 44
52 48
52 64
52 187
53 1
53 5
53 9
53 18
53 32
53 34
53 35
53 37
53 48
53 55
53 68
53 69
53 74
53 76
53 79
53 80
53 81
54 33
54 34
54 37
54 38
54 45
54 46
54 55
54 56
54 58
54 67
54 114
54 198
55 1
55 25
55 33
55 34
55 38
55 39
55 42
55 44
55 48
55 54
55 64
55 69
55 82
55 108
55 187
56 1
56 6
56 32
56 33
56 34
56 35
56 37
56 40
56 42
56 48
56 69
56 74
56 76
56 79
56 80
57 1
57 5
57 6
57 33
57 34
57 39
57 42
57 44
57 48
57 64
57 187
58 33
58 38
58 41
58 47
58 54
58 65
58 80
58 82
58 114
58 121
58 125
58 187
59 24
59 33
59 34
59 35
59 37
59 39
59 40
59 43
59 44
59 49
59 52
59 53
59 55
59 57
59 58
59 68
59 93
60 34
60 36
60 39
60 42
60 44
60 47
60 48
60 75
60 77
60 81
60 114
60 134
61 6
61 35
61 36
61 37
61 39
61 42
61 43
61 47
61 74
61 75
61 76
61 79
61 80
61 81
61 93
61 114
62 18
62 34
62 36
62 37
62 39
62 40
62 42
62 43
62 44
62 48
62 49
62 52
62 57
62 68
62 115
62 117
62 127
62 134
63 18
63 37
63 38
63 40
63 43
63 44
63 49
63 52
63 57
63 68
64 37
65 32
65 46
65 50
65 56
65 135
65 185
66 6
66 36
66 37
66 39
66 42
66 43
66 76
67 38
67 41
67 54
67 187
68 1
68 69
69 82
70 32
71 32
72 32
73 32
74 1
74 2
74 3
74 4
74 5
74 6
74 8
74 9
74 11
74 13
74 29
74 32
74 35
74 36
74 37
74 39
74 42
74 60
74 75
74 76
74 77
74 79
74 80
74 83
74 84
74 85
74 86
74 89
74 92
74 93
74 94
74 97
74 99
74 112
74 113
74 114
74 116
74 119
74 121
74 124
74 173
74 212
75 1
75 2
75 3
75 4
75 5
75 6
75 8
75 9
75 12
75 32
75 33
75 34
75 37
75 39
75 42
75 45
75 48
75 50
75 60
75 61
75 66
75 74
75 76
75 77
75 79
75 80
75 84
75 92
75 96
75 97
75 104
75 105
75 114
75 116
75 117
75 118
75 119
75 121
75 122
75 123
75 124
75 126
75 129
75 133
75 136
75 153
75 185
75 186
75 212
76 3
76 17
76 32
76 34
76 36
76 37
76 39
76 42
76 48
76 60
76 74
76 75
76 77
76 79
76 80
76 82
76 84
76 89
76 96
76 97
76 114
76 115
76 116
76 119
76 121
76 122
76 129
76 169
76 185
76 212
77 2
77 3
77 16
77 17
77 32
77 34
77 37
77 39
77 42
77 48
77 60
77 74
77 75
77 76
77 79
77 82
77 84
77 86
77 89
77 90
77 92
77 94
77 96
77 97
77 99
77 112
77 114
77 116
77 119
77 121
77 122
77 124
77 128
77 129
77 173
77 186
77 212
78 1
78 2
78 3
78 4
78 7
78 8
78 12
78 14
78 32
78 34
78 35
78 36
78 39
78 42
78 43
78 44
78 46
78 48
78 74
78 75
78 76
78 77
78 79
78 80
78 81
78 82
78 85
78 86
78 88
78 114
78 185
78 189
78 191
78 202
78 204
78 206
78 207
78 209
78 211
78 222
78 223
79 3
79 32
79 36
79 37
79 39
79 42
79 43
79 48
79 50
79 60
79 74
79 75
79 76
79 77
79 80
79 82
79 84
79 86
79 89
79 90
79 94
79 97
79 99
79 114
79 116
79 119
79 121
79 124
80 1
80 2
80 4
80 5
80 6
80 8
80 11
80 13
80 14
80 36
80 37
80 39
80 42
80 43
80 74
80 76
80 77
80 79
80 82
80 85
80 86
80 89
80 94
80 99
80 108
80 116
80 122
81 32
81 34
81 36
81 37
81 39
81 41
81 42
81 43
81 48
81 60
81 74
81 76
81 77
81 78
81 79
81 82
81 84
81 89
81 99
81 115
81 116
81 118
81 121
81 122
81 123
81 126
81 128
81 136
81 152
81 159
81 162
81 170
81 185
81 186
81 187
81 188
81 192
81 199
82 19
82 32
82 35
82 38
82 47
82 74
82 75
82 76
82 77
82 78
82 79
82 80
82 81
82 115
82 121
82 126
82 136
82 187
83 3
83 32
83 37
83 43
83 74
83 75
83 77
83 78
83 79
83 80
83 81
83 82
83 84
83 86
83 88
83 89
83 91
83 92
83 93
83 95
83 99
83 100
83 102
83 106
83 114
83 119
83 122
83 124
83 153
84 32
84 35
84 38
84 40
84 47
84 74
84 75
84 76
84 77
84 79
84 80
84 81
84 93
84 114
84 118
84 134
84 149
84 185
84 187
84 191
84 192
84 195
84 199
84 210
84 211
84 213
84 224
84 225
85 2
85 3
85 32
85 41
85 50
85 74
85 75
85 76
85 78
85 82
85 83
85 86
85 87
85 90
85 94
85 95
85 97
85 103
85 114
85 115
85 116
85 119
85 122
85 124
85 129
85 133
85 153
85 157
85 185
85 186
85 188
85 195
85 213
86 3
86 74
86 75
86 77
86 78
86 79
86 80
86 82
86 83
86 84
86 88
86 89
86 90
86 91
86 93
86 94
86 95
86 97
86 99
86 100
86 102
86 114
87 78
87 83
87 84
87 88
87 91
87 92
87 95
87 100
87 102
87 103
87 114
87 116
87 119
87 122
87 123
87 124
87 129
87 133
87 134
87 153
87 157
87 186
87 188
87 210
88 33
88 36
88 41
88 75
88 78
88 82
88 83
88 86
88 87
88 90
88 91
88 94
88 95
88 101
88 103
88 114
88 122
88 135
88 153
88 179
88 186
88 194
88 196
88 202
89 74
89 79
89 85
89 86
89 99
89 124
89 190
90 2
90 3
90 4
90 74
90 78
90 79
90 80
90 82
90 83
90 84
90 86
90 87
90 88
90 92
90 93
90 94
90 95
90 96
90 99
90 100
90 102
90 103
90 106
90 110
90 186
91 33
91 34
91 36
91 54
91 78
91 82
91 83
91 86
91 87
91 94
91 95
91 101
91 114
91 115
91 117
91 135
91 138
91 193
91 194
91 195
91 196
91 198
91 210
91 217
92 3
92 17
92 74
92 76
92 77
92 79
92 86
92 89
92 90
92 96
92 99
92 103
92 122
92 124
92 140
92 149
92 161
92 186
92 188
93 2
93 3
93 32
93 33
93 34
93 38
93 39
93 42
93 44
93 48
93 74
93 76
93 78
93 83
93 84
93 86
93 94
93 95
93 100
93 195
93 199
94 3
94 38
94 74
94 75
94 76
94 77
94 78
94 79
94 80
94 83
94 84
94 86
94 88
94 89
94 90
94 91
94 93
94 99
94 100
94 114
95 3
95 74
95 78
95 83
95 84
95 86
95 88
95 90
95 91
95 102
95 103
95 106
95 110
95 119
95 122
95 153
96 2
96 3
96 75
96 76
96 77
96 83
96 90
96 92
96 103
96 106
96 114
96 124
96 186
96 188
96 190
97 45
97 61
97 66
97 75
97 104
97 119
97 124
97 129
97 153
98 1
98 2
98 3
98 4
98 19
98 34
98 36
98 37
98 39
98 42
98 43
98 44
98 48
98 74
98 78
98 79
98 82
98 83
98 84
98 86
98 88
98 89
98 93
98 95
98 100
98 102
98 108
99 74
99 79
99 89
100 32
100 47
100 74
100 75
100 77
100 80
100 81
100 83
100 86
100 87
100 90
100 92
100 94
100 98
100 114
100 124
100 134
100 163
101 33
101 34
101 36
101 41
101 78
101 82
101 83
101 86
101 87
101 91
101 94
101 95
101 114
101 115
101 117
101 135
101 138
101 194
101 195
101 210
102 32
102 47
102 74
102 75
102 77
102 80
102 81
102 83
102 86
102 87
102 94
102 95
102 98
102 103
102 106
102 114
103 83
103 90
103 92
103 95
103 96
103 116
103 129
103 133
103 153
103 186
104 6
104 33
104 34
104 37
104 42
104 43
104 75
104 87
104 88
104 91
104 97
104 114
104 116
104 122
104 124
104 129
104 135
105 6
105 32
105 50
105 74
105 75
105 76
105 114
105 116
105 129
105 167
105 186
106 3
106 74
106 78
106 83
106 84
106 87
106 88
106 89
106 90
106 95
106 96
106 102
106 103
107 32
107 75
107 77
107 87
107 88
107 89
107 91
107 97
107 114
107 116
107 122
107 129
107 135
108 16
108 19
108 25
108 74
108 77
108 79
108 80
108 89
108 99
109 2
109 3
109 74
109 76
109 77
109 82
109 89
109 120
110 86
110 90
110 95
110 96
110 186
111 32
111 74
111 79
111 82
111 93
112 74
113 74
114 1
114 2
114 3
114 5
114 6
114 7
114 8
114 9
114 12
114 13
114 17
114 29
114 32
114 33
114 34
114 35
114 36
114 37
114 39
114 41
114 42
114 43
114 48
114 50
114 54
114 60
114 61
114 74
114 75
114 76
114 77
114 78
114 79
114 82
114 84
114 89
114 91
114 96
114 99
114 101
114 105
114 113
114 115
114 116
114 117
114 118
114 119
114 120
114 121
114 123
114 124
114 125
114 126
114 128
114 129
114 130
114 133
114 135
114 136
114 137
114 143
114 147
114 149
114 152
114 153
114 157
114 160
114 161
114 171
114 173
114 179
114 185
114 186
114 187
114 190
114 191
114 192
114 194
114 195
114 198
114 202
114 209
114 210
114 212
114 213
114 216
114 222
114 224
115 2
115 7
115 32
115 46
115 51
115 62
115 76
115 81
115 114
115 116
115 118
115 120
115 121
115 123
115 125
115 127
115 128
115 130
115 132
115 133
115 134
115 136
115 137
115 139
115 141
115 143
115 148
115 150
115 152
115 154
115 159
115 162
115 163
115 165
115 181
115 183
115 185
115 190
115 192
115 216
115 227
116 32
116 50
116 114
116 115
116 117
116 118
116 121
116 123
116 126
116 127
116 128
116 129
116 130
116 131
116 133
116 136
116 145
116 149
116 155
116 157
116 159
116 166
116 167
116 174
116 177
116 186
117 32
117 33
117 45
117 51
117 62
117 75
117 87
117 97
117 114
117 115
117 116
117 118
117 119
117 121
117 122
117 123
117 124
117 126
117 129
117 130
117 132
117 133
117 134
117 135
117 136
117 139
117 140
117 143
117 144
117 145
117 147
117 157
117 185
117 189
117 190
117 192
117 198
117 201
117 206
117 216
117 227
117 232
118 2
118 3
118 12
118 32
118 47
118 75
118 81
118 97
118 114
118 116
118 117
118 121
118 122
118 123
118 124
118 127
118 128
118 129
118 130
118 133
118 140
118 145
118 147
118 149
118 151
118 153
118 157
118 160
118 185
118 186
118 188
119 2
119 3
119 19
119 32
119 33
119 34
119 36
119 37
119 39
119 42
119 43
119 45
119 74
119 75
119 76
119 77
119 88
119 89
119 91
119 97
119 114
119 115
119 117
119 118
119 122
119 123
119 124
119 129
119 135
119 138
119 140
119 149
119 151
119 152
119 153
119 185
119 186
119 188
119 195
119 200
119 206
120 2
120 3
120 7
120 32
120 36
120 39
120 42
120 48
120 76
120 109
120 114
120 115
120 116
120 123
120 125
120 127
120 128
120 130
120 131
120 132
120 133
120 134
120 135
120 137
120 139
120 141
120 146
120 148
120 150
120 151
120 152
120 154
120 155
120 156
120 157
120 158
120 159
120 162
120 163
120 165
120 166
120 188
121 1
121 2
121 3
121 4
121 7
121 9
121 11
121 12
121 50
121 74
121 75
121 80
121 81
121 105
121 114
121 115
121 116
121 118
121 123
121 125
121 126
121 127
121 128
121 129
121 130
121 131
121 133
121 136
121 149
121 151
121 155
121 156
121 157
121 159
121 166
121 167
121 174
121 177
122 22
122 32
122 75
122 76
122 77
122 80
122 81
122 83
122 85
122 87
122 88
122 92
122 95
122 104
122 107
122 117
122 118
122 119
122 124
122 129
122 132
122 140
122 164
122 180
122 182
122 186
122 188
122 190
122 195
122 200
122 211
122 218
122 221
122 233
122 236
122 238
123 2
123 32
123 75
123 81
123 89
123 114
123 115
123 116
123 117
123 118
123 121
123 124
123 127
123 128
123 129
123 130
123 131
123 133
123 135
123 150
123 152
123 155
123 157
123 159
123 160
123 166
123 167
123 185
123 186
123 194
124 3
124 17
124 32
124 74
124 75
124 76
124 77
124 89
124 92
124 96
124 97
124 99
124 114
124 116
124 117
124 118
124 119
124 121
124 122
124 123
124 129
124 130
124 133
124 143
124 149
124 153
124 173
124 185
124 186
124 188
124 190
124 192
125 15
125 20
125 51
125 85
125 116
125 118
125 120
125 121
125 123
125 124
125 126
125 127
125 130
125 131
125 132
125 136
125 137
125 139
125 141
125 142
125 145
125 146
125 147
125 148
125 149
125 151
125 152
125 156
125 158
125 159
125 160
125 165
125 168
125 171
125 172
125 175
125 176
125 184
125 185
125 186
125 188
125 195
125 206
125 212
126 1
126 2
126 3
126 4
126 5
126 6
126 7
126 8
126 9
126 11
126 12
126 13
126 14
126 50
126 74
126 75
126 76
126 80
126 81
126 114
126 115
126 116
126 118
126 123
126 127
126 130
126 131
126 133
126 135
126 138
126 149
126 151
126 156
126 167
126 174
126 177
126 186
126 194
127 15
127 116
127 118
127 120
127 121
127 123
127 125
127 128
127 129
127 130
127 133
127 134
127 135
127 137
127 138
127 140
127 141
127 146
127 148
127 150
127 151
127 154
127 155
127 156
127 157
127 158
127 162
127 170
127 174
127 177
127 178
128 32
128 81
128 89
128 114
128 115
128 118
128 120
128 121
128 123
128 126
128 127
128 130
128 131
128 136
128 137
128 141
128 144
128 146
128 151
128 152
128 156
128 159
128 175
128 185
128 188
128 190
129 87
129 89
129 114
129 116
129 119
129 122
129 124
129 133
129 140
129 153
129 157
130 32
130 116
130 118
130 121
130 123
130 127
130 129
130 131
130 133
130 140
130 145
130 147
130 149
130 151
130 157
130 160
131 15
131 32
131 120
131 123
131 125
131 126
131 128
131 130
131 134
131 137
131 141
131 142
131 144
131 146
131 148
131 151
131 154
131 155
131 166
131 174
131 175
131 177
132 2
132 8
132 34
132 35
132 36
132 37
132 39
132 40
132 42
132 44
132 48
132 51
132 74
132 76
132 77
132 79
132 82
132 89
132 114
132 115
132 116
132 117
132 119
132 120
132 122
132 123
132 133
132 137
132 138
132 139
132 146
132 149
132 150
132 151
132 152
132 155
132 162
132 170
132 185
133 115
133 116
133 117
133 118
133 129
133 130
133 140
133 145
133 147
133 155
133 157
134 32
134 36
134 37
134 39
134 42
134 48
134 115
134 120
134 127
134 131
134 137
134 152
134 159
134 162
134 165
134 166
134 169
134 170
134 185
134 192
134 212
135 32
135 33
135 36
135 40
135 45
135 47
135 75
135 85
135 87
135 88
135 114
135 117
135 119
135 121
135 133
135 134
135 197
135 200
135 202
135 211
136 1
136 3
136 4
136 5
136 6
136 7
136 50
136 74
136 75
136 76
136 81
136 114
136 115
136 116
136 118
136 119
136 124
136 125
136 129
136 130
136 135
136 138
136 149
136 167
136 169
136 186
136 194
137 114
137 115
137 116
137 120
137 123
137 127
137 128
137 129
137 131
137 133
137 134
137 138
137 139
137 141
137 146
137 150
137 152
137 155
137 156
137 158
137 159
137 162
137 163
137 168
138 32
138 47
138 75
138 77
138 85
138 87
138 88
138 117
138 119
138 121
138 123
138 126
138 131
138 133
138 134
138 142
138 144
138 145
138 165
138 197
138 200
138 202
139 2
139 7
139 32
139 34
139 36
139 39
139 42
139 44
139 48
139 74
139 76
139 77
139 114
139 115
139 116
139 117
139 120
139 123
139 132
139 133
139 138
139 141
139 146
139 149
139 150
139 151
139 152
139 154
139 155
139 163
139 185
140 22
140 32
140 92
140 117
140 118
140 119
140 120
140 122
140 127
140 129
140 130
140 133
140 142
140 145
140 164
140 180
140 182
140 186
140 188
140 210
140 237
141 114
141 115
141 116
141 120
141 127
141 128
141 129
141 131
141 133
141 137
141 138
141 139
141 146
141 150
141 152
141 155
141 156
141 158
141 159
141 162
141 163
141 165
141 181
141 186
142 116
142 118
142 120
142 125
142 127
142 129
142 130
142 131
142 133
142 134
142 135
142 137
142 138
142 140
142 143
142 145
142 147
142 148
142 151
142 153
142 168
142 171
142 185
142 192
142 193
142 194
142 201
142 203
143 1
143 2
143 3
143 7
143 8
143 12
143 89
143 92
143 99
143 115
143 117
143 124
143 128
143 131
143 135
143 138
143 161
143 167
143 185
143 186
143 188
143 190
143 192
144 32
144 47
144 85
144 87
144 88
144 89
144 114
144 116
144 117
144 118
144 119
144 121
144 123
144 126
144 127
144 128
144 130
144 131
144 133
144 134
144 137
144 142
144 145
144 147
144 151
144 155
144 157
144 171
144 195
144 200
145 116
145 117
145 118
145 129
145 130
145 133
145 134
145 140
145 142
145 143
145 144
145 147
145 155
145 157
145 171
145 195
146 2
146 20
146 114
146 120
146 125
146 127
146 128
146 131
146 132
146 134
146 137
146 148
146 150
146 154
146 159
146 169
146 172
146 175
146 185
147 114
147 117
147 118
147 125
147 127
147 130
147 133
147 142
147 145
147 149
147 151
147 168
147 185
147 192
147 193
147 197
147 204
147 208
147 209
148 15
148 120
148 123
148 125
148 127
148 130
148 131
148 146
148 149
148 151
148 159
148 160
148 168
148 178
148 188
149 114
149 116
149 118
149 128
149 129
149 130
149 145
149 147
149 151
149 160
149 167
150 115
150 118
150 123
150 125
150 127
150 128
150 130
150 131
150 134
150 137
150 138
150 141
150 148
150 154
150 165
150 186
151 118
151 125
151 128
151 130
151 131
151 145
151 149
151 159
151 166
152 115
152 120
152 128
152 155
152 162
152 169
152 170
153 75
153 97
153 114
153 116
153 119
153 129
153 133
153 157
154 2
154 3
154 7
154 8
154 12
154 14
154 35
154 76
154 114
154 115
154 118
154 125
154 131
154 146
154 148
154 150
154 188
155 116
155 129
155 131
155 133
155 137
155 152
155 162
155 170
156 77
156 116
156 120
156 127
156 128
156 131
156 133
156 137
156 138
156 141
156 150
156 157
156 158
156 159
156 165
156 186
157 116
157 129
157 133
158 7
158 8
158 14
158 116
158 120
158 127
158 131
158 133
158 137
158 139
158 141
158 150
158 156
158 157
158 163
158 165
158 181
159 120
159 123
159 125
159 146
159 148
159 151
160 89
160 99
160 114
160 118
160 120
160 123
160 130
160 131
160 135
160 138
160 149
160 151
160 152
160 159
160 166
161 87
161 92
161 103
161 114
161 115
161 118
161 123
161 125
161 127
161 128
161 130
161 138
161 143
161 148
161 186
161 188
161 190
162 20
162 120
162 134
162 137
162 141
162 146
162 152
162 155
162 197
163 83
163 95
163 100
163 114
163 115
163 120
163 128
163 137
163 138
163 139
163 141
163 150
163 154
163 157
163 186
164 1
164 2
164 3
164 4
164 7
164 8
164 9
164 12
164 13
164 115
164 121
164 122
164 123
164 127
164 135
164 138
164 140
164 188
165 115
165 120
165 134
165 141
165 150
165 158
165 181
165 198
166 120
166 123
166 126
166 130
166 150
166 151
166 154
166 174
167 50
167 105
167 116
167 121
167 123
167 126
167 136
168 7
168 125
168 128
168 130
168 141
168 145
168 148
168 185
169 153
169 212
170 20
170 134
170 152
170 155
171 115
171 116
171 120
171 128
171 129
171 133
171 153
171 155
172 116
172 118
172 133
172 145
172 149
172 169
173 74
173 124
174 166
175 125
175 128
175 131
176 120
176 133
176 152
176 169
176 212
177 131
178 123
178 127
178 148
178 151
179 115
179 138
179 194
180 7
180 122
180 140
181 165
182 122
182 140
183 115
183 185
184 152
184 155
185 32
185 33
185 45
185 65
185 76
185 78
185 81
185 84
185 85
185 114
185 115
185 117
185 118
185 119
185 120
185 123
185 124
185 125
185 128
185 131
185 132
185 134
185 137
185 139
185 142
185 143
185 147
185 153
185 168
185 169
185 183
185 186
185 189
185 190
185 191
185 192
185 193
185 194
185 196
185 197
185 198
185 201
185 202
185 203
185 204
185 205
185 206
185 207
185 209
185 211
185 215
185 217
185 220
185 223
185 227
185 228
185 230
185 232
186 32
186 50
186 85
186 86
186 88
186 90
186 92
186 96
186 103
186 105
186 110
186 114
186 116
186 118
186 121
186 122
186 123
186 126
186 128
186 136
186 140
186 143
186 160
186 161
186 192
187 3
187 33
187 34
187 36
187 38
187 39
187 41
187 42
187 44
187 45
187 48
187 58
187 67
187 84
187 114
187 186
187 189
187 190
187 191
187 193
187 194
187 196
187 197
187 198
187 202
187 203
187 205
187 206
187 207
187 209
187 214
187 218
187 221
187 228
187 234
188 2
188 3
188 17
188 32
188 35
188 74
188 76
188 77
188 79
188 89
188 92
188 96
188 99
188 122
188 125
188 128
188 135
188 138
188 140
188 143
188 148
188 149
188 152
188 161
188 173
188 186
188 190
188 194
189 33
189 47
189 74
189 77
189 78
189 117
189 119
189 185
189 186
189 187
189 191
189 193
189 194
189 195
189 196
189 197
189 198
189 201
189 203
189 204
189 205
189 206
189 207
189 208
189 211
189 214
189 215
189 216
189 217
189 218
189 219
189 220
189 226
189 227
189 228
189 229
189 235
189 239
189 240
189 241
189 242
190 1
190 2
190 3
190 4
190 5
190 7
190 8
190 9
190 12
190 13
190 17
190 32
190 36
190 39
190 42
190 48
190 76
190 89
190 96
190 114
190 115
190 117
190 118
190 121
190 122
190 123
190 124
190 135
190 143
190 161
190 185
190 186
190 187
190 188
190 191
190 192
190 199
191 33
191 34
191 38
191 42
191 48
191 114
191 185
191 186
191 187
191 189
191 193
191 195
191 196
191 198
191 199
191 203
191 204
191 205
191 206
191 207
191 209
191 215
191 219
191 220
191 225
192 7
192 33
192 34
192 41
192 46
192 84
192 114
192 115
192 117
192 118
192 125
192 128
192 130
192 134
192 137
192 143
192 145
192 147
192 185
192 187
192 194
192 198
192 201
192 206
192 209
193 36
193 78
193 114
193 138
193 185
193 186
193 187
193 188
193 189
193 191
193 194
193 195
193 196
193 197
193 198
193 199
193 201
193 203
193 204
193 205
193 206
193 207
193 208
193 214
193 217
193 219
193 220
194 91
194 138
194 185
194 187
194 189
194 192
194 193
194 196
194 197
194 198
194 201
194 203
194 204
194 205
194 209
194 214
195 2
195 3
195 74
195 76
195 85
195 97
195 114
195 116
195 119
195 122
195 124
195 129
195 133
195 149
195 157
195 186
195 188
195 191
195 200
196 33
196 78
196 91
196 135
196 185
196 186
196 187
196 191
196 192
196 193
196 194
196 195
196 197
196 198
196 199
196 203
196 204
196 206
196 208
196 213
196 214
196 215
196 217
196 219
197 115
197 116
197 118
197 130
197 134
197 135
197 138
197 143
197 145
197 147
197 148
197 185
197 186
197 187
197 191
197 192
197 193
197 194
197 196
197 198
197 201
197 203
197 204
197 206
197 217
198 41
198 54
198 91
198 114
198 117
198 118
198 165
198 185
198 187
198 191
198 192
198 194
198 196
198 197
198 201
198 209
198 217
199 2
199 3
199 35
199 38
199 41
199 76
199 77
199 81
199 134
199 188
199 190
199 191
199 196
199 212
199 215
199 218
199 221
200 2
200 3
200 33
200 36
200 74
200 76
200 78
200 82
200 83
200 86
200 87
200 90
200 94
200 95
200 122
200 135
200 185
200 186
200 187
200 188
200 195
200 197
200 206
200 207
200 210
200 213
200 215
201 74
201 117
201 118
201 130
201 134
201 143
201 185
201 186
201 191
201 192
201 193
201 194
201 195
201 206
201 207
201 209
201 217
202 2
202 3
202 33
202 36
202 41
202 76
202 78
202 86
202 115
202 185
202 186
202 187
202 188
202 193
202 194
202 195
202 199
202 206
202 207
202 213
202 215
202 219
203 142
203 185
203 186
203 187
203 189
203 191
203 193
203 194
203 196
203 197
203 198
203 201
203 205
203 206
203 207
203 209
203 217
203 219
204 33
204 116
204 119
204 129
204 185
204 189
204 191
204 193
204 194
204 195
204 196
204 197
204 198
204 201
204 206
204 207
204 214
204 220
205 33
205 185
205 186
205 187
205 189
205 191
205 193
205 194
205 196
205 197
205 198
205 201
205 203
205 209
205 215
205 218
205 219
205 220
205 229
205 231
206 78
206 97
206 153
206 185
206 187
206 192
206 212
207 189
207 191
207 193
207 201
207 203
207 204
207 208
207 217
207 220
207 222
207 226
208 117
208 118
208 125
208 142
208 145
208 147
208 151
208 185
208 189
208 192
208 193
208 197
208 198
208 203
208 204
208 207
208 209
209 114
209 185
209 187
209 191
209 192
209 193
209 194
209 195
209 196
209 201
209 203
209 217
209 220
210 50
210 88
210 91
210 101
210 114
210 116
210 119
210 124
210 129
210 140
210 153
210 179
210 186
210 193
210 196
210 202
210 214
210 216
211 33
211 36
211 50
211 78
211 85
211 97
211 114
211 118
211 119
211 122
211 124
211 153
211 185
211 189
211 195
211 200
211 218
211 221
212 75
212 97
212 114
212 124
212 153
212 169
212 186
213 2
213 3
213 33
213 38
213 76
213 77
213 115
213 186
213 187
213 188
213 195
213 199
213 206
213 212
213 225
214 185
214 186
214 187
214 193
214 194
214 196
214 198
214 201
214 204
214 206
214 207
214 215
214 217
214 219
215 38
215 191
215 199
216 115
216 116
216 117
216 129
216 130
216 133
216 145
216 157
216 185
216 186
216 187
216 193
216 195
216 206
216 208
217 91
217 189
217 193
217 196
217 197
217 198
217 201
217 203
218 3
218 115
218 130
218 148
218 186
218 187
218 188
218 193
218 194
218 199
218 205
218 206
219 38
219 41
219 191
219 199
219 206
220 185
220 191
220 193
220 194
220 201
220 204
220 205
220 207
220 209
221 3
221 115
221 125
221 130
221 186
221 187
221 188
221 194
221 199
221 206
221 219
222 33
222 36
222 78
222 135
222 185
222 187
222 191
222 195
222 197
222 199
222 202
222 213
223 78
223 114
223 118
223 124
223 169
223 185
223 186
223 187
223 192
223 212
224 2
224 3
224 82
224 188
224 189
224 195
224 199
224 206
224 207
225 3
225 38
225 41
225 186
225 188
225 191
225 196
225 215
226 185
226 187
226 193
226 194
226 195
226 207
226 215
226 219
227 115
227 117
227 185
227 186
228 185
228 186
228 187
228 191
229 189
229 191
229 205
229 215
229 219
230 135
230 185
230 187
230 192
230 194
231 135
231 187
231 205
231 215
231 219
232 117
232 185
232 195
233 16
233 25
233 122
234 130
234 187
235 33
235 121
236 122
237 140
238 122
239 208
240 208
241 208
242 208
