3 1
3 2
11 1
11 2
12 1
12 2
13 17
13 18
13 19
13 20
13 22
13 23
13 24
14 17
14 18
14 19
14 20
14 22
14 23
14 24
15 1
16 14
16 31
16 32
17 2
18 2
18 17
19 3
19 18
20 3
21 17
21 18
21 19
21 20
22 2
22 17
22 18
22 19
22 20
23 2
23 3
24 17
24 18
24 19
24 20
26 3
26 17
26 18
26 19
26 20
27 17
27 18
27 19
27 20
27 21
27 22
27 23
28 3
28 17
28 18
28 19
28 20
28 28
29 2
29 3
30 2
30 3
31 17
31 18
31 19
31 20
32 17
32 18
32 19
32 20
33 4
33 5
33 6
33 7
33 8
33 9
33 10
33 13
33 14
34 4
34 5
34 6
34 7
34 8
34 9
34 10
35 10
35 11
35 12
36 4
36 5
36 7
36 9
36 15
37 1
37 5
37 10
37 15
37 25
38 1
38 15
39 2
40 1
41 2
42 2
43 2
44 2
45 2
46 2
47 2
48 2
49 11
49 67
50 9
50 11
50 67
51 4
51 5
51 6
51 7
51 8
51 9
52 4
52 9
53 6
54 4
54 5
54 6
54 7
55 14
55 31
55 32
56 29
56 30
57 33
57 34
57 37
57 38
58 44
59 11
59 31
60 51
60 52
60 53
61 44
61 46
61 51
61 52
61 53
62 45
63 1
63 15
64 40
64 42
64 43
65 59
66 10
66 25
67 3
67 17
67 18
67 19
67 20
68 1
68 15
69 17
69 18
69 19
69 20
69 24
70 1
70 15
71 1
71 15
72 1
72 4
72 5
72 15
73 1
73 2
73 15
74 4
74 5
74 15
74 25
75 1
75 4
75 5
75 11
75 15
75 33
75 34
75 35
75 36
75 37
75 44
75 46
75 67
75 69
75 70
76 15
76 16
77 16
77 69
78 33
78 34
78 35
78 36
78 44
78 46
78 49
78 51
78 52
78 55
78 56
78 57
78 58
78 59
78 60
78 61
78 65
78 77
79 4
79 5
79 7
79 11
79 12
79 16
79 44
79 45
79 46
79 49
79 50
79 51
79 52
79 56
79 57
79 58
79 59
79 60
79 61
79 65
79 69
79 70
80 1
80 15
81 4
81 5
81 6
81 7
81 8
81 40
81 42
81 43
81 45
81 48
81 53
81 54
81 57
81 62
81 64
81 65
81 66
81 68
82 4
82 5
82 6
82 7
82 8
82 25
83 4
83 5
83 6
83 7
83 8
83 10
84 4
84 5
84 6
84 7
84 8
84 40
84 42
84 43
84 45
84 48
84 53
84 54
84 57
84 62
84 64
84 65
84 66
84 68
85 2
85 34
86 1
86 4
86 5
86 6
86 7
86 8
86 9
86 11
86 15
86 33
86 34
86 35
86 36
86 37
86 38
86 40
86 43
86 45
86 48
86 68
86 70
86 76
87 40
87 42
87 43
87 45
87 48
87 54
87 57
87 58
87 62
87 63
87 64
87 65
87 66
88 40
88 42
88 43
88 45
88 48
88 54
88 57
88 58
88 62
88 63
88 64
88 65
88 66
88 86
88 91
89 11
89 40
89 42
89 43
89 45
89 48
89 54
89 57
89 58
89 62
89 63
89 64
89 65
89 66
89 68
89 70
90 4
90 5
90 6
90 7
90 8
90 9
90 11
90 40
90 42
90 43
90 45
90 48
90 54
90 57
90 58
90 62
90 63
90 64
90 65
90 66
90 68
90 70
91 1
91 4
91 5
91 6
91 7
91 8
91 9
91 15
92 1
92 2
92 15
93 4
93 5
93 6
93 7
93 8
93 9
93 25
94 1
94 4
94 5
94 6
94 7
94 8
94 9
94 15
94 16
94 33
94 34
94 35
94 36
94 37
94 38
94 40
94 42
94 43
94 44
94 45
94 48
94 68
94 70
94 76
95 68
95 69
96 4
96 5
96 6
96 7
96 8
96 9
96 11
96 16
96 40
96 42
96 43
96 44
96 45
96 46
96 48
96 49
96 50
96 51
96 52
96 53
96 54
96 55
96 56
96 57
96 58
96 59
96 60
96 61
96 62
96 63
96 64
96 65
96 66
96 67
96 68
96 69
96 70
97 1
97 2
97 15
98 4
98 5
98 6
98 7
98 8
98 9
99 1
99 4
99 5
99 15
99 69
99 80
99 99
100 4
100 5
100 6
100 7
100 8
100 9
100 11
100 16
100 25
100 69
100 99
101 4
101 5
101 6
101 7
101 8
101 9
101 11
101 25
101 68
101 80
101 83
102 4
102 5
102 6
102 7
102 8
102 9
102 25
102 68
102 80
102 83
103 4
103 5
103 6
103 7
103 8
103 9
103 11
103 16
103 25
103 68
103 69
103 80
103 83
103 99
104 15
104 40
104 42
104 43
104 45
104 48
104 54
104 57
104 62
104 63
104 64
104 65
104 68
104 77
104 80
104 101
104 103
105 4
105 5
105 6
105 7
105 8
105 10
107 4
107 5
107 6
107 7
107 8
108 1
108 4
108 5
108 6
108 7
108 8
108 15
109 4
109 5
109 6
109 7
109 8
109 10
109 11
109 12
110 4
110 5
110 6
110 7
110 8
110 10
110 29
110 30
110 31
110 32
111 4
111 5
111 6
111 7
111 8
111 10
111 11
111 12
111 17
111 18
111 19
111 20
111 22
111 23
111 24
111 40
111 41
111 42
111 43
111 45
111 48
111 57
111 62
111 64
111 65
111 66
111 74
114 4
114 5
114 6
114 7
114 8
114 11
114 31
114 32
115 4
115 5
115 6
115 7
115 8
115 11
115 17
115 18
115 19
115 20
115 22
115 23
115 24
115 29
115 30
115 31
115 32
117 4
117 5
117 6
117 7
117 8
117 44
117 46
118 4
118 5
118 6
118 7
118 8
118 17
118 18
118 19
118 20
118 22
118 23
118 24
118 71
118 72
118 73
118 74
118 75
118 79
118 92
118 93
118 94
118 95
118 96
118 97
118 99
119 4
119 5
119 6
119 7
119 8
119 11
119 12
120 13
120 14
120 17
120 18
120 19
120 20
120 21
120 22
120 23
120 24
120 29
120 30
120 31
120 32
120 69
121 11
121 12
121 29
121 30
121 49
121 50
121 51
121 52
121 53
121 55
121 58
121 59
122 13
122 14
122 22
122 69
122 100
122 103
123 1
123 4
123 5
123 6
123 7
123 8
123 13
123 14
123 76
123 100
123 103
124 1
124 4
124 5
124 6
124 7
124 8
124 16
124 69
124 76
125 1
125 4
125 5
125 6
125 7
125 8
125 13
125 14
125 76
125 100
125 103
126 1
126 4
126 5
126 6
126 7
126 8
126 17
126 18
126 19
126 20
126 21
126 22
126 23
126 24
127 4
127 5
127 6
127 7
127 8
127 10
127 17
127 18
127 19
127 20
127 21
127 22
127 23
127 24
128 4
128 5
128 6
128 7
128 8
128 10
128 49
128 50
128 51
128 52
128 53
128 54
128 55
128 57
128 58
128 59
128 62
128 63
128 66
129 4
129 5
129 6
129 7
129 8
129 10
129 16
129 17
129 18
129 19
129 20
129 21
129 22
129 23
129 24
130 4
130 5
130 6
130 7
130 8
130 10
130 11
130 16
130 49
130 50
130 51
130 52
130 53
130 54
130 55
130 57
130 58
130 59
130 62
130 63
130 66
130 68
131 4
131 5
131 6
131 7
131 8
131 10
131 23
131 31
132 1
132 4
132 5
132 6
132 7
132 8
132 10
132 11
132 12
132 14
132 17
132 18
132 19
132 20
132 21
132 22
132 23
132 24
132 40
132 41
132 42
132 43
132 44
132 45
132 46
132 47
132 48
132 49
132 50
132 51
132 52
132 53
132 54
132 55
132 57
132 58
132 59
132 62
132 63
132 66
133 1
133 4
133 5
133 6
133 7
133 8
133 10
133 16
133 17
133 18
133 19
133 20
133 21
133 22
133 23
133 24
133 40
133 41
133 42
133 43
133 44
133 45
133 46
133 47
133 48
133 49
133 50
133 51
133 52
133 53
133 54
133 55
133 57
133 58
133 59
133 62
133 63
133 66
133 68
133 69
133 71
133 72
133 73
133 74
133 75
133 78
133 79
133 80
133 81
133 82
133 83
133 84
133 85
133 86
133 88
133 89
133 90
133 91
133 92
133 93
133 94
133 95
133 96
133 97
133 98
133 99
133 100
133 101
133 102
133 103
133 104
134 1
134 4
134 5
134 6
134 7
134 8
134 10
134 16
134 17
134 18
134 19
134 20
134 21
134 22
134 23
134 24
134 40
134 41
134 42
134 43
134 44
134 45
134 46
134 47
134 48
134 49
134 50
134 51
134 52
134 53
134 54
134 55
134 57
134 58
134 59
134 62
134 63
134 66
134 68
134 69
134 80
134 100
134 101
134 103
135 1
135 4
135 5
135 6
135 7
135 8
135 10
135 17
135 18
135 19
135 20
135 21
135 22
135 23
135 24
135 40
135 42
135 43
135 44
135 45
135 76
138 33
138 34
138 35
138 36
138 37
138 38
138 40
138 41
138 42
138 43
138 44
138 45
138 46
138 47
138 48
138 54
138 57
138 62
138 63
138 66
138 68
138 76
138 80
138 85
138 86
138 88
138 89
138 90
138 91
138 92
138 93
138 94
138 95
138 96
138 97
138 98
138 99
138 100
138 101
138 102
138 103
138 104
138 139
139 68
139 80
139 101
139 103
139 131
139 135
140 17
140 18
140 19
140 20
140 21
140 22
140 23
140 24
140 68
140 80
140 81
140 82
140 83
140 85
140 86
140 88
140 89
140 90
140 91
140 92
140 93
140 94
140 95
140 96
140 97
140 98
140 99
140 100
140 101
140 102
140 103
140 104
141 17
141 18
141 19
141 20
141 54
141 57
141 62
141 63
141 66
141 68
141 80
141 81
141 82
141 83
141 84
141 85
141 86
141 87
141 88
141 89
141 90
141 91
141 92
141 93
141 94
141 95
141 96
141 97
141 98
141 99
141 100
141 101
141 102
141 103
141 104
142 17
142 18
142 19
142 20
142 21
142 22
142 23
142 24
142 39
142 40
142 41
142 42
142 43
142 44
142 45
142 46
142 47
142 48
142 54
142 57
142 62
142 63
142 66
142 80
142 81
142 82
142 83
142 85
142 86
142 88
142 89
142 90
142 91
142 92
142 93
142 94
142 95
142 96
142 97
142 98
142 99
142 100
142 101
142 102
142 103
142 104
143 17
143 18
143 19
143 20
143 21
143 22
143 23
143 24
143 80
143 81
143 82
143 83
143 85
143 86
143 88
143 89
143 90
143 91
143 92
143 93
143 94
143 95
143 96
143 97
143 98
143 99
143 100
143 101
143 102
143 103
143 104
144 17
144 18
144 19
144 20
144 21
144 22
144 23
144 24
144 39
144 40
144 41
144 42
144 43
144 44
144 45
144 46
144 47
144 48
144 54
144 57
144 62
144 63
144 66
144 68
144 80
144 81
144 82
144 83
144 85
144 86
144 88
144 89
144 90
144 91
144 92
144 93
144 94
144 95
144 96
144 97
144 98
144 99
144 100
144 101
144 102
144 103
144 104
144 139
145 33
145 34
145 35
145 36
145 37
145 81
145 82
145 83
145 85
145 86
145 88
145 89
145 90
145 91
145 92
145 93
145 94
145 95
145 96
145 97
145 98
145 99
145 100
145 101
145 102
145 103
145 104
145 139
146 80
146 81
146 82
146 83
146 84
146 85
146 86
146 87
146 101
146 102
147 33
147 34
147 35
147 36
147 37
147 38
147 39
147 54
147 57
147 62
147 63
147 66
147 68
147 76
147 80
147 81
147 82
147 83
147 84
147 85
147 86
147 87
147 88
147 89
147 90
147 91
147 92
147 93
147 101
147 103
148 33
148 34
148 35
148 36
148 37
148 38
148 40
148 41
148 42
148 43
148 44
148 45
148 46
148 47
148 48
148 54
148 57
148 62
148 63
148 66
148 68
148 70
148 76
148 81
148 82
148 83
148 85
148 86
149 33
149 34
149 35
149 44
149 46
149 49
149 50
149 51
149 52
149 53
149 55
149 58
149 59
149 68
149 71
149 72
149 73
149 74
149 75
149 76
149 79
149 92
149 93
149 94
149 95
149 96
149 97
149 99
149 100
149 103
150 33
150 34
150 35
150 36
150 44
150 46
150 49
150 50
150 51
150 52
150 53
150 55
150 56
150 58
150 59
150 60
150 71
150 72
150 73
150 74
150 75
150 78
150 79
150 87
150 92
150 93
150 94
150 95
150 96
150 97
150 98
150 99
150 100
150 103
150 151
150 152
150 153
150 223
151 44
151 46
151 49
151 50
151 51
151 52
151 53
151 55
151 58
151 59
151 71
151 72
151 73
151 74
151 75
151 78
151 79
151 92
151 93
151 94
151 95
151 96
151 97
151 98
151 99
152 71
152 72
152 73
152 74
152 75
152 79
152 92
152 93
152 94
152 95
152 96
152 97
152 99
152 100
152 103
152 123
152 124
152 125
152 126
152 129
152 131
152 135
152 149
153 39
153 123
153 124
153 125
153 129
153 131
153 135
153 138
153 148
153 149
154 40
154 48
154 54
154 57
154 62
154 63
154 64
154 66
155 33
155 34
155 35
155 36
155 44
155 46
155 49
155 50
155 51
155 52
155 53
155 55
155 56
155 58
155 59
155 60
155 71
155 72
155 73
155 74
155 75
155 76
155 79
155 92
155 93
155 94
155 95
155 96
155 97
155 98
155 99
155 100
155 103
155 156
156 16
156 49
156 50
156 51
156 52
156 53
156 55
156 58
156 59
156 100
156 103
156 123
156 124
156 125
156 126
156 131
156 135
156 149
157 33
157 34
157 35
157 36
157 44
157 46
157 49
157 50
157 51
157 52
157 53
157 55
157 58
157 59
157 71
157 72
157 73
157 74
157 75
157 79
157 92
157 93
157 94
157 95
157 96
157 97
157 99
158 16
158 33
158 34
158 35
158 36
158 49
158 50
158 51
158 52
158 53
158 55
158 58
158 59
158 69
158 71
158 72
158 73
158 74
158 75
158 76
158 79
158 92
158 93
158 94
158 95
158 96
158 97
158 99
158 100
158 103
159 100
159 103
159 151
159 152
159 153
159 154
160 71
160 72
160 73
160 74
160 75
160 79
160 92
160 93
160 94
160 95
160 96
160 97
160 99
160 152
160 153
161 151
162 16
162 69
162 71
162 72
162 73
162 74
162 75
162 79
162 92
162 93
162 94
162 95
162 96
162 97
162 99
162 100
162 103
163 17
163 18
163 19
163 20
163 22
163 23
163 24
164 16
164 17
164 18
164 19
164 20
164 21
164 22
164 23
164 24
164 44
164 46
164 49
164 50
164 51
164 52
164 53
164 55
164 58
164 59
164 69
164 71
164 72
164 73
164 74
164 75
164 79
164 92
164 93
164 94
164 95
164 96
164 97
164 99
164 100
164 103
164 151
165 16
165 17
165 18
165 19
165 20
165 21
165 22
165 23
165 24
165 44
165 46
165 49
165 50
165 51
165 52
165 53
165 55
165 58
165 59
165 69
165 71
165 72
165 73
165 74
165 75
165 76
165 79
165 92
165 93
165 94
165 95
165 96
165 97
165 99
165 100
165 103
165 156
166 16
166 17
166 18
166 19
166 20
166 21
166 22
166 23
166 24
166 33
166 34
166 35
166 36
166 49
166 50
166 51
166 52
166 53
166 55
166 58
166 59
166 69
166 71
166 72
166 73
166 74
166 75
166 76
166 79
166 92
166 93
166 94
166 95
166 96
166 97
166 99
166 100
166 103
167 16
167 17
167 18
167 19
167 20
167 21
167 22
167 23
167 24
167 49
167 50
167 51
167 52
167 53
167 55
167 58
167 59
167 69
167 71
167 72
167 73
167 74
167 75
167 79
167 92
167 93
167 94
167 95
167 96
167 97
167 99
167 100
167 103
168 16
168 17
168 18
168 19
168 20
168 21
168 22
168 23
168 24
168 49
168 50
168 51
168 52
168 53
168 55
168 58
168 59
168 69
168 71
168 72
168 73
168 74
168 75
168 76
168 79
168 92
168 93
168 94
168 95
168 96
168 97
168 99
168 100
168 103
169 16
169 17
169 18
169 19
169 20
169 21
169 22
169 23
169 24
169 69
169 71
169 72
169 73
169 74
169 75
169 79
169 92
169 93
169 94
169 95
169 96
169 97
169 99
169 100
169 103
170 16
170 17
170 18
170 19
170 20
170 21
170 22
170 23
170 24
171 14
171 17
171 18
171 19
171 20
171 21
171 22
171 23
171 24
171 33
171 34
171 35
171 36
171 69
171 100
171 103
172 16
172 17
172 18
172 19
172 20
172 21
172 22
172 23
172 24
172 69
172 100
172 103
173 16
173 17
173 18
173 19
173 20
173 21
173 22
173 23
173 24
173 71
173 72
173 73
173 74
173 75
173 79
173 92
173 93
173 94
173 95
173 96
173 97
173 99
173 100
173 103
174 17
174 18
174 19
174 20
174 22
174 24
174 71
174 72
174 73
174 74
174 75
174 78
174 79
174 92
174 93
174 94
174 95
174 96
174 97
174 98
174 99
174 100
174 103
175 16
175 17
175 18
175 19
175 20
175 21
175 22
175 23
175 24
175 31
175 32
175 69
175 100
175 103
176 71
176 72
176 73
176 74
176 75
176 78
176 79
176 92
176 93
176 94
176 95
176 96
176 97
176 98
176 99
176 100
176 103
176 156
177 71
177 72
177 73
177 74
177 75
177 76
177 79
177 92
177 93
177 94
177 95
177 96
177 97
177 99
177 100
177 103
178 71
178 72
178 73
178 74
178 75
178 78
178 79
178 92
178 93
178 94
178 95
178 96
178 97
178 98
178 99
178 100
178 103
179 11
179 31
179 32
180 16
180 44
180 46
180 49
180 50
180 51
180 52
180 53
180 55
180 58
180 59
180 69
180 71
180 72
180 73
180 74
180 75
180 76
180 78
180 79
180 92
180 93
180 94
180 95
180 96
180 97
180 98
180 99
180 100
180 103
180 156
181 76
182 100
182 103
183 15
183 17
183 18
183 19
183 20
183 21
183 22
183 23
183 24
184 16
184 33
184 34
184 35
184 36
184 37
184 38
184 40
184 41
184 42
184 43
184 44
184 45
184 46
184 47
184 48
184 49
184 50
184 51
184 52
184 53
184 54
184 55
184 57
184 58
184 59
184 62
184 63
184 66
184 68
184 69
184 71
184 72
184 73
184 74
184 75
184 76
184 79
184 81
184 82
184 83
184 85
184 86
184 92
184 93
184 94
184 95
184 96
184 97
184 99
185 16
185 40
185 41
185 42
185 43
185 44
185 45
185 46
185 47
185 48
185 49
185 50
185 51
185 52
185 53
185 54
185 55
185 57
185 58
185 59
185 62
185 63
185 66
185 68
185 69
185 71
185 72
185 73
185 74
185 75
185 76
185 79
185 81
185 82
185 83
185 85
185 86
185 92
185 93
185 94
185 95
185 96
185 97
185 99
186 34
186 35
186 36
186 37
186 40
186 41
186 42
186 43
186 44
186 45
186 46
186 47
186 48
186 49
186 50
186 51
186 52
186 53
186 54
186 55
186 56
186 57
186 58
186 59
186 60
186 62
186 63
186 64
186 65
186 66
186 71
186 72
186 73
186 74
186 75
186 78
186 79
186 81
186 82
186 83
186 84
186 85
186 86
186 88
186 89
186 92
186 93
186 94
186 95
186 96
186 97
186 98
186 99
188 17
188 18
188 19
188 20
188 22
188 23
188 24
189 16
189 17
189 18
189 19
189 20
189 21
189 22
189 23
189 24
189 71
189 72
189 73
189 74
189 75
189 79
189 92
189 93
189 94
189 95
189 96
189 97
189 99
189 100
189 103
191 16
191 17
191 18
191 19
191 20
191 21
191 22
191 23
191 24
191 40
191 41
191 42
191 43
191 44
191 45
191 46
191 47
191 48
191 68
191 71
191 72
191 73
191 74
191 75
191 76
191 78
191 79
191 80
191 81
191 82
191 83
191 84
191 85
191 86
191 88
191 89
191 92
191 93
191 94
191 95
191 96
191 97
191 98
191 99
191 100
191 101
191 103
192 16
192 17
192 18
192 19
192 20
192 21
192 22
192 23
192 24
192 33
192 34
192 35
192 36
192 37
192 38
192 39
192 40
192 41
192 42
192 43
192 44
192 45
192 46
192 47
192 48
192 49
192 50
192 51
192 52
192 53
192 54
192 55
192 57
192 58
192 59
192 62
192 63
192 66
192 68
192 69
192 71
192 72
192 73
192 74
192 75
192 76
192 79
192 80
192 81
192 82
192 83
192 85
192 86
192 92
192 93
192 94
192 95
192 96
192 97
192 99
192 100
192 101
192 103
192 139
192 151
192 154
192 156
193 54
193 57
193 62
193 63
193 66
193 100
193 103
193 139
193 156
194 33
194 34
194 35
194 36
194 37
194 38
194 39
194 71
194 72
194 73
194 74
194 75
194 79
194 81
194 82
194 83
194 85
194 86
194 92
194 93
194 94
194 95
194 96
194 97
194 99
196 33
196 38
196 39
196 40
196 41
196 42
196 43
196 44
196 45
196 46
196 47
196 48
196 70
196 71
196 72
196 73
196 74
196 75
196 76
196 79
196 80
196 81
196 82
196 83
196 85
196 86
196 92
196 93
196 94
196 95
196 96
196 97
196 99
196 100
196 101
196 103
196 151
196 154
197 16
197 40
197 41
197 42
197 43
197 44
197 45
197 46
197 47
197 48
197 49
197 50
197 51
197 52
197 53
197 54
197 55
197 56
197 57
197 58
197 59
197 60
197 62
197 63
197 64
197 65
197 66
197 68
197 80
197 100
197 101
197 103
197 151
197 152
197 153
197 154
197 223
198 16
198 33
198 34
198 35
198 36
198 37
198 38
198 40
198 41
198 42
198 43
198 44
198 45
198 46
198 47
198 48
198 49
198 50
198 51
198 52
198 53
198 54
198 55
198 57
198 58
198 59
198 62
198 63
198 66
198 68
198 69
198 71
198 72
198 73
198 74
198 75
198 76
198 78
198 79
198 80
198 81
198 82
198 83
198 84
198 85
198 86
198 88
198 89
198 92
198 93
198 94
198 95
198 96
198 97
198 98
198 99
198 100
198 101
198 103
198 139
198 156
199 16
199 33
199 34
199 35
199 36
199 37
199 38
199 39
199 40
199 41
199 42
199 43
199 44
199 45
199 46
199 47
199 48
199 49
199 50
199 51
199 52
199 53
199 54
199 55
199 56
199 57
199 58
199 59
199 60
199 62
199 63
199 64
199 65
199 66
199 68
199 69
199 71
199 72
199 73
199 74
199 75
199 76
199 78
199 79
199 80
199 81
199 82
199 83
199 84
199 85
199 86
199 88
199 89
199 92
199 93
199 94
199 95
199 96
199 97
199 98
199 99
199 100
199 101
199 103
200 1
200 15
200 188
202 17
202 18
202 19
202 20
202 21
202 22
202 23
202 24
202 188
204 105
204 109
204 119
204 127
204 129
204 142
204 157
204 188
204 189
204 192
205 44
205 46
205 49
205 50
205 51
205 52
205 53
205 55
205 58
205 59
205 141
205 168
205 188
205 200
205 202
206 16
206 40
206 41
206 42
206 43
206 44
206 45
206 46
206 47
206 48
206 68
206 71
206 72
206 73
206 74
206 75
206 79
206 80
206 81
206 82
206 83
206 85
206 86
206 92
206 93
206 94
206 95
206 96
206 97
206 99
206 100
206 101
206 103
206 135
206 139
206 156
207 134
207 206
208 33
208 35
208 37
208 40
208 41
208 42
208 43
208 44
208 45
208 46
208 47
208 48
208 54
208 57
208 62
208 63
208 66
208 68
208 76
208 80
208 81
208 82
208 83
208 85
208 86
208 101
208 103
208 134
208 139
209 18
209 80
209 101
209 103
209 107
209 108
209 109
209 126
209 135
209 142
209 146
209 158
209 163
209 168
209 173
209 196
209 206
211 105
211 107
211 108
211 109
211 127
211 174
211 183
211 188
211 196
212 196
212 207
213 49
213 50
213 51
213 52
213 53
213 54
213 55
213 57
213 58
213 59
213 62
213 63
213 66
213 71
213 72
213 73
213 74
213 75
213 79
213 80
213 81
213 82
213 83
213 85
213 86
213 92
213 93
213 94
213 95
213 96
213 97
213 99
213 100
213 101
213 103
213 188
214 142
214 213
215 80
215 100
215 101
215 103
215 107
215 108
215 109
215 126
215 135
215 142
215 146
215 158
215 163
215 166
215 168
215 173
215 196
215 206
216 71
216 72
216 73
216 74
216 75
216 78
216 79
216 81
216 82
216 83
216 84
216 85
216 86
216 88
216 89
216 92
216 93
216 94
216 95
216 96
216 97
216 98
216 99
216 105
216 109
216 119
216 127
216 151
216 154
217 71
217 72
217 73
217 74
217 75
217 79
217 92
217 93
217 94
217 95
217 96
217 97
217 98
217 99
217 100
217 103
217 151
217 154
217 156
217 191
217 215
217 216
218 18
218 151
218 156
218 163
218 188
219 71
219 72
219 73
219 74
219 75
219 79
219 92
219 93
219 94
219 95
219 96
219 97
219 98
219 99
219 100
219 103
219 109
219 151
219 188
220 16
220 17
220 18
220 19
220 20
220 21
220 22
220 23
220 24
220 69
220 71
220 72
220 73
220 74
220 75
220 79
220 92
220 93
220 94
220 95
220 96
220 97
220 99
220 100
220 103
220 151
220 152
220 153
220 183
221 17
221 18
221 19
221 20
221 21
221 22
221 23
221 24
221 71
221 72
221 73
221 74
221 75
221 79
221 92
221 93
221 94
221 95
221 96
221 97
221 99
221 100
221 103
221 108
221 124
221 125
221 156
222 17
222 18
222 19
222 20
222 21
222 22
222 23
222 24
222 100
222 103
222 129
222 168
222 183
222 189
223 71
223 72
223 73
223 74
223 75
223 79
223 92
223 93
223 94
223 95
223 96
223 97
223 98
223 99
223 100
223 103
223 135
223 156
224 71
224 72
224 73
224 74
224 75
224 79
224 92
224 93
224 94
224 95
224 96
224 97
224 98
224 99
224 100
224 103
224 109
224 133
224 134
224 156
224 169
224 215
225 71
225 72
225 73
225 74
225 75
225 78
225 79
225 92
225 93
225 94
225 95
225 96
225 97
225 98
225 99
225 100
225 103
225 108
225 124
225 125
225 156
227 71
227 72
227 73
227 74
227 75
227 79
227 92
227 93
227 94
227 95
227 96
227 97
227 99
227 156
227 167
228 54
228 57
228 62
228 63
228 64
228 65
228 66
228 78
228 80
228 81
228 82
228 83
228 84
228 85
228 86
228 88
228 89
228 101
228 103
228 127
228 133
228 134
228 154
228 157
228 196
228 206
228 207
228 208
228 219
229 49
229 50
229 51
229 52
229 53
229 55
229 56
229 58
229 59
229 60
229 71
229 72
229 73
229 74
229 75
229 79
229 82
229 83
229 84
229 85
229 86
229 87
229 88
229 89
229 90
229 91
229 92
229 93
229 94
229 95
229 96
229 97
229 98
229 99
229 100
229 103
229 105
229 109
229 215
230 4
230 5
230 6
230 16
230 17
230 18
230 19
230 20
230 21
230 22
230 23
230 24
230 31
230 32
230 39
230 49
230 50
230 51
230 52
230 53
230 55
230 58
230 59
230 69
230 188
231 49
231 50
231 51
231 52
231 53
231 55
231 56
231 58
231 59
231 60
231 71
231 72
231 73
231 74
231 75
231 79
231 92
231 93
231 94
231 95
231 96
231 97
231 98
231 99
231 100
231 103
231 105
231 109
231 120
231 122
231 135
231 142
231 144
231 146
231 147
231 156
231 171
231 173
231 175
231 194
231 196
231 199
231 208
231 215
231 230
232 17
232 18
232 19
232 20
232 21
232 22
232 23
232 24
232 100
232 103
232 105
232 108
232 109
232 119
232 125
232 127
232 152
232 183
232 188
232 189
232 191
232 206
233 118
233 142
233 152
233 184
233 185
233 198
233 220
233 232
234 129
234 142
234 144
234 147
234 152
234 163
234 176
234 183
234 186
234 188
234 189
234 192
234 194
234 196
234 199
234 205
234 208
234 232
234 233
235 71
235 72
235 73
235 74
235 75
235 79
235 92
235 93
235 94
235 95
235 96
235 97
235 99
235 100
235 103
235 140
235 141
235 143
235 146
235 151
235 168
235 183
235 234
236 16
236 17
236 18
236 19
236 20
236 21
236 22
236 23
236 24
236 49
236 50
236 51
236 52
236 53
236 55
236 56
236 58
236 59
236 60
236 69
236 71
236 72
236 73
236 74
236 75
236 78
236 79
236 87
236 92
236 93
236 94
236 95
236 96
236 97
236 98
236 99
236 100
236 103
236 109
236 118
236 142
236 145
236 151
236 152
236 183
236 188
236 189
236 206
236 214
236 215
236 224
236 231
237 71
237 72
237 73
237 74
237 75
237 78
237 79
237 80
237 81
237 82
237 83
237 84
237 85
237 86
237 88
237 89
237 92
237 93
237 94
237 95
237 96
237 97
237 98
237 99
237 100
237 101
237 103
237 155
237 163
237 183
237 188
237 214
237 215
237 219
238 4
238 5
238 6
238 7
238 11
238 16
238 68
238 69
238 71
238 72
238 73
238 74
238 75
238 76
238 79
238 81
238 82
238 83
238 85
238 86
238 92
238 93
238 94
238 95
238 96
238 97
238 99
238 139
238 156
238 157
238 183
240 71
240 72
240 73
240 74
240 75
240 79
240 92
240 93
240 94
240 95
240 96
240 97
240 98
240 99
240 100
240 103
240 117
240 179
241 5
241 8
241 10
242 11
242 31
242 32
243 16
243 21
243 26
243 27
243 183
246 78
246 87
246 98
246 157
246 241
246 242
246 243
247 17
247 18
247 19
247 20
247 21
247 22
247 23
247 24
247 188
248 31
248 32
248 100
248 103
248 129
248 138
248 148
248 149
248 155
248 163
248 164
248 166
248 183
248 185
248 186
248 188
248 189
248 200
248 232
248 247
249 71
249 72
249 73
249 74
249 75
249 79
249 80
249 81
249 82
249 83
249 85
249 86
249 92
249 93
249 94
249 95
249 96
249 97
249 99
249 100
249 101
249 103
249 109
249 151
249 154
250 33
250 34
250 35
250 36
250 37
250 38
250 40
250 41
250 42
250 43
250 44
250 45
250 46
250 47
250 48
250 49
250 50
250 51
250 52
250 53
250 54
250 55
250 57
250 58
250 59
250 62
250 63
250 66
250 71
250 72
250 73
250 74
250 75
250 76
250 79
250 80
250 81
250 82
250 83
250 85
250 86
250 92
250 93
250 94
250 95
250 96
250 97
250 99
250 100
250 101
250 103
250 139
250 148
250 156
250 166
252 17
252 18
252 19
252 20
252 21
252 22
252 23
252 24
252 40
252 41
252 42
252 43
252 44
252 45
252 46
252 47
252 48
252 49
252 50
252 51
252 52
252 53
252 54
252 55
252 57
252 58
252 59
252 62
252 63
252 66
252 71
252 72
252 73
252 74
252 75
252 79
252 80
252 81
252 82
252 83
252 85
252 86
252 92
252 93
252 94
252 95
252 96
252 97
252 99
252 100
252 101
252 103
252 139
252 151
252 152
252 153
252 154
252 156
252 188
253 152
253 153
253 183
254 105
254 107
254 109
254 110
254 127
254 134
254 140
254 141
254 143
254 146
254 152
254 163
254 166
254 183
254 196
254 212
254 215
254 230
254 232
254 234
255 17
255 18
255 19
255 20
255 21
255 22
255 23
255 24
255 109
255 129
255 151
255 154
255 157
255 163
255 178
255 183
255 188
255 189
255 222
255 232
255 234
255 247
255 252
255 253
257 16
257 17
257 18
257 19
257 20
257 21
257 22
257 23
257 24
257 49
257 50
257 51
257 52
257 53
257 55
257 58
257 59
257 69
257 71
257 72
257 73
257 74
257 75
257 79
257 92
257 93
257 94
257 95
257 96
257 97
257 99
257 100
257 103
257 151
257 152
257 188
258 16
258 129
258 144
258 147
258 183
258 188
258 189
258 196
258 200
258 202
258 221
258 240
260 49
260 50
260 51
260 52
260 53
260 54
260 55
260 56
260 57
260 58
260 59
260 60
260 62
260 63
260 64
260 65
260 66
260 71
260 72
260 73
260 74
260 75
260 78
260 79
260 80
260 81
260 82
260 83
260 84
260 85
260 86
260 88
260 89
260 92
260 93
260 94
260 95
260 96
260 97
260 98
260 99
260 100
260 101
260 103
260 109
260 111
260 123
260 127
260 138
260 139
260 142
260 149
260 151
260 152
260 154
260 156
260 163
260 168
260 178
260 188
260 189
260 196
260 206
260 214
260 216
260 221
260 224
260 252
260 258
261 105
261 107
261 108
261 109
261 110
261 111
261 114
261 115
261 117
261 118
261 119
261 120
261 121
261 122
261 123
261 126
261 127
261 128
261 129
261 130
261 131
261 134
261 135
261 138
261 140
261 141
261 142
261 143
261 144
261 145
261 146
261 147
261 148
261 149
261 155
261 157
261 158
261 159
261 161
261 162
261 163
261 164
261 165
261 166
261 167
261 168
261 169
261 170
261 171
261 174
261 175
261 176
261 178
261 179
261 180
261 181
261 184
261 185
261 186
261 188
261 189
261 191
261 193
261 194
261 196
261 197
261 200
261 202
261 204
261 206
261 207
261 208
261 209
261 211
261 213
261 214
261 215
261 216
261 217
261 218
261 219
261 220
261 221
261 223
261 224
261 225
261 229
261 230
261 231
261 234
261 235
261 236
261 238
261 240
261 247
261 248
261 249
261 250
261 252
261 253
261 254
261 255
261 257
261 260
