39 1
39 2
39 4
39 5
39 9
39 21
39 25
39 26
40 1
40 39
40 55
40 56
40 57
40 62
41 1
41 9
41 11
41 12
42 1
42 2
42 17
42 27
43 1
43 2
43 7
43 10
43 17
43 18
43 23
43 24
43 31
43 32
44 1
45 1
45 2
45 11
45 14
45 19
45 25
45 31
46 1
46 39
47 1
47 2
48 1
48 2
48 8
48 10
48 39
49 1
49 2
49 10
49 28
49 39
50 1
50 39
50 56
51 1
51 2
51 5
51 6
51 7
51 13
51 16
51 17
51 18
51 20
51 22
51 29
51 31
51 33
51 38
52 1
52 2
52 4
52 5
52 6
52 7
52 11
52 15
52 17
52 18
52 19
52 20
52 29
52 31
52 34
53 1
53 2
53 4
54 1
54 2
54 39
54 67
55 1
55 2
55 7
55 11
55 12
55 26
56 1
56 2
56 36
56 37
57 1
57 2
57 18
58 1
58 39
59 1
59 2
60 1
60 18
60 30
60 35
61 1
61 2
62 1
62 19
62 37
63 39
64 1
64 2
64 7
64 9
64 18
64 29
65 1
65 2
65 17
65 57
66 1
66 2
66 3
67 1
68 1
68 2
69 1
70 1
70 2
70 39
70 69
71 1
71 2
71 3
71 39
71 55
71 69
