868	1
869	1
871	1
1414	1
1128	3
1131	3
1133	4
1134	4
1138	4
797	5
799	5
801	5
808	5
857	5
1324	5
1499	5
797	6
799	6
801	6
796	7
798	7
803	7
805	7
819	7
1061	7
1067	7
1070	7
1121	7
1122	7
1135	7
1155	7
1164	7
1165	7
1169	7
1175	7
711	8
713	8
798	8
800	8
809	8
1120	8
1130	8
1149	8
1510	8
1008	9
1002	10
785	12
788	12
794	13
1269	13
1347	14
1348	14
1499	15
802	16
807	16
806	17
812	17
898	18
810	19
811	19
1001	20
894	21
1350	21
1357	22
1209	23
994	24
1003	25
1004	26
995	27
1005	27
996	28
997	29
998	30
999	31
1007	32
614	33
615	33
610	34
611	34
618	35
619	35
1493	36
1554	37
1477	38
1478	38
1483	38
668	39
670	39
673	39
1376	40
1379	40
1372	41
1377	41
671	42
674	42
1375	43
1380	43
771	51
772	51
1329	52
1330	52
1335	52
1341	52
1337	53
1339	53
1340	53
765	54
766	54
767	55
770	55
1349	56
1350	56
665	57
676	57
1474	58
1475	58
1476	58
1482	58
741	59
742	59
666	60
667	60
669	60
764	61
769	61
642	62
643	62
605	63
662	63
650	64
651	64
1190	65
1191	65
1194	65
1196	65
1099	66
1100	66
1343	67
1344	67
1520	68
935	69
1049	69
1522	69
1401	70
1540	71
1307	72
1383	73
909	74
913	74
1424	75
1425	75
1423	76
1426	77
1428	77
910	78
1240	79
1304	80
1103	82
1104	82
1107	82
1434	82
1438	82
1108	83
1109	83
604	84
637	84
603	85
1125	86
1127	86
711	88
712	88
713	88
718	88
720	88
822	88
823	88
1511	88
1523	89
1541	90
1427	91
1524	92
829	93
833	93
687	94
698	94
964	95
980	95
1011	95
1013	95
1535	95
1013	96
1015	96
682	97
683	97
691	97
1366	98
1378	99
1381	99
1309	100
846	101
847	101
931	102
928	103
929	104
930	105
927	106
926	107
1539	108
1039	109
1045	109
1368	110
1314	111
1319	111
693	112
700	112
675	113
1516	113
1534	113
672	114
677	114
678	114
679	114
681	114
690	114
694	114
701	114
703	114
709	114
717	114
722	114
738	114
860	114
874	114
894	114
918	114
924	114
1040	114
1199	114
1313	114
1321	114
1370	114
1459	114
1470	114
1481	114
1369	115
1373	115
710	116
712	116
817	116
824	116
899	116
903	117
1389	118
1497	118
1111	119
1113	119
1398	120
1449	121
1458	121
1504	122
1027	123
1037	123
1028	124
1029	124
1150	125
1509	125
1367	126
1371	126
934	127
616	128
657	128
612	132
659	132
644	133
655	133
620	134
635	134
652	136
653	136
606	137
607	137
820	139
821	139
1166	139
716	140
719	140
721	140
1034	141
1035	141
841	142
848	142
845	143
722	144
731	145
734	145
737	146
738	146
736	147
743	147
740	148
925	149
933	149
729	150
730	150
746	151
747	152
841	152
1225	153
1043	154
1044	154
878	155
883	155
1447	157
1454	157
1422	158
1429	158
1434	158
1447	158
1431	159
602	160
1102	160
1105	160
890	161
1023	161
1103	161
1223	161
1346	161
828	162
830	162
891	162
1102	162
1222	162
1290	162
1347	162
1435	162
1445	163
1456	163
1315	164
1320	164
685	165
696	165
686	166
697	166
1421	167
1316	168
1321	168
1432	169
1435	169
1291	170
601	171
1283	172
1289	173
911	174
1187	174
1359	174
1406	174
1419	174
1421	174
1430	174
1439	174
1441	174
1461	174
1462	174
1436	175
1244	176
1246	177
1247	177
1115	178
1116	178
1245	179
1248	180
826	181
827	181
1026	181
1032	182
1036	182
707	183
767	183
771	183
773	183
792	183
795	183
807	183
813	183
821	183
826	183
831	183
844	183
850	183
852	183
853	183
883	183
887	183
892	183
944	183
946	183
947	183
966	183
968	183
969	183
976	183
978	183
987	183
1018	183
1020	183
1022	183
1034	183
1103	183
1108	183
1110	183
1133	183
1153	183
1161	183
1167	183
1179	183
1184	183
1207	183
1214	183
1217	183
1234	183
1276	183
1277	183
1295	183
1364	183
1386	183
1388	183
1404	183
1408	183
1410	183
1412	183
1426	183
1437	183
1472	183
1485	183
1489	183
1497	183
1511	183
1526	183
1548	183
602	184
640	184
698	184
747	184
751	184
792	184
833	184
846	184
848	184
849	184
851	184
855	184
877	184
954	184
1162	184
1256	184
1297	184
1420	184
1530	184
601	185
639	185
695	185
708	185
746	185
750	185
766	185
770	185
772	185
791	185
795	185
806	185
808	185
814	185
822	185
825	185
830	185
832	185
843	185
845	185
847	185
849	185
854	185
876	185
882	185
886	185
892	185
893	185
896	185
897	185
898	185
904	185
906	185
936	185
943	185
945	185
950	185
951	185
953	185
960	185
965	185
967	185
970	185
971	185
973	185
975	185
977	185
986	185
1017	185
1019	185
1021	185
1024	185
1033	185
1046	185
1060	185
1063	185
1102	185
1106	185
1107	185
1109	185
1132	185
1152	185
1156	185
1159	185
1160	185
1178	185
1183	185
1206	185
1208	185
1209	185
1213	185
1216	185
1233	185
1255	185
1259	185
1275	185
1294	185
1300	185
1304	185
1325	185
1327	185
1350	185
1351	185
1354	185
1355	185
1357	185
1358	185
1363	185
1385	185
1403	185
1407	185
1409	185
1411	185
1425	185
1427	185
1431	185
1436	185
1441	185
1460	185
1471	185
1484	185
1486	185
1488	185
1494	185
1496	185
1510	185
1525	185
1528	185
1529	185
1536	185
1537	185
1547	185
1550	185
1556	185
904	186
905	186
946	186
1387	186
935	187
938	187
1112	188
1303	188
1398	188
1402	188
1506	188
1048	189
1049	189
945	190
1050	190
1113	190
1507	190
676	191
700	191
733	191
773	191
816	191
839	191
916	191
922	191
940	191
942	191
950	191
953	191
1117	191
1183	191
1364	191
1373	191
1423	191
1466	191
1474	191
1493	191
1547	191
937	192
947	192
989	192
1047	192
1307	192
1352	192
1401	192
1408	192
607	193
635	193
639	193
647	193
653	193
655	193
657	193
659	193
682	193
705	193
708	193
750	193
769	193
780	193
943	193
1053	193
1087	193
1097	193
1205	193
1259	193
1280	193
1282	193
1312	193
1375	193
1388	193
1467	193
1352	195
1386	195
1353	196
1387	196
1448	197
1455	197
1031	198
1042	198
1066	198
1071	198
1106	199
1060	200
1153	200
1154	200
1162	200
1163	200
1362	200
1057	201
1058	201
1059	202
1066	203
1070	203
1080	203
1084	203
1152	203
1158	203
1161	203
1114	204
1119	204
1095	205
1096	205
1085	206
1086	206
1094	206
1156	207
1118	208
1126	208
1157	208
1039	209
988	210
1331	210
1077	211
1078	211
1076	212
1081	212
1351	213
1385	213
1062	214
1063	214
1065	214
1489	214
1064	215
1069	215
1117	215
1061	216
1067	216
1062	217
1068	217
1071	217
739	218
744	218
1501	219
621	220
623	220
625	220
627	220
629	220
631	220
633	220
740	220
753	220
1181	220
1194	220
1237	220
1260	220
1413	220
1418	220
1487	220
1501	220
622	221
624	221
626	221
628	221
630	221
632	221
634	221
741	221
1182	221
1195	221
1238	221
1485	222
1486	222
1229	223
752	224
852	224
854	224
1054	224
1078	224
1234	224
1299	224
1073	225
1074	225
1075	225
1144	226
1146	226
1072	227
1083	227
1145	227
1009	229
993	230
1000	230
1001	230
1002	230
1003	230
1004	230
1005	230
1010	230
1079	230
1082	230
1233	232
1235	232
1440	232
851	233
853	233
1053	233
1241	233
1242	233
1243	233
1249	233
1255	233
1298	233
777	234
1104	234
1275	234
1277	234
1310	234
1518	234
1546	234
609	235
613	235
617	235
637	235
641	235
649	235
661	235
663	235
674	235
681	235
684	235
686	235
688	235
689	235
702	235
704	235
714	235
724	235
726	235
734	235
736	235
740	235
742	235
748	235
749	235
754	235
758	235
760	235
761	235
768	235
778	235
786	235
790	235
834	235
836	235
838	235
840	235
855	235
856	235
858	235
863	235
865	235
868	235
873	235
884	235
890	235
900	235
901	235
902	235
903	235
907	235
916	235
950	235
953	235
956	235
957	235
958	235
959	235
961	235
962	235
972	235
974	235
983	235
1025	235
1028	235
1031	235
1051	235
1057	235
1058	235
1059	235
1083	235
1100	235
1105	235
1111	235
1114	235
1125	235
1128	235
1170	235
1172	235
1173	235
1177	235
1190	235
1200	235
1210	235
1226	235
1243	235
1244	235
1249	235
1250	235
1251	235
1257	235
1261	235
1266	235
1267	235
1272	235
1274	235
1275	235
1287	235
1296	235
1300	235
1301	235
1302	235
1306	235
1309	235
1315	235
1317	235
1320	235
1323	235
1327	235
1330	235
1343	235
1344	235
1356	235
1358	235
1360	235
1362	235
1365	235
1366	235
1374	235
1378	235
1381	235
1392	235
1394	235
1399	235
1405	235
1413	235
1415	235
1416	235
1430	235
1431	235
1433	235
1443	235
1444	235
1446	235
1449	235
1450	235
1452	235
1479	235
1490	235
1498	235
1512	235
1513	235
1515	235
1521	235
1522	235
1523	235
1524	235
1533	235
1534	235
1538	235
1539	235
1540	235
1541	235
1549	235
1551	235
1559	235
1192	236
1270	236
1271	236
1294	237
1236	238
1298	238
1301	238
1433	238
1295	239
1308	240
1345	240
694	242
695	242
680	243
645	244
664	244
888	245
1263	246
895	247
1142	247
1151	247
1470	247
1509	247
1558	247
859	249
865	249
955	249
949	250
954	250
873	251
877	251
874	252
876	252
882	252
951	252
1185	252
1210	252
1298	252
1425	252
879	253
880	253
951	254
952	254
1274	255
958	256
959	256
1208	256
1285	256
1352	256
956	257
671	258
687	258
693	258
702	258
704	258
716	258
723	258
739	258
825	258
830	258
861	258
863	258
875	258
877	258
895	258
917	258
923	258
1085	258
1101	258
1102	258
1107	258
1109	258
1198	258
1204	258
1208	258
1211	258
1213	258
1215	258
1216	258
1220	258
1314	258
1322	258
1369	258
1417	258
1455	258
1458	258
1460	258
1469	258
1480	258
1217	259
1218	259
861	260
862	260
864	260
867	260
1219	260
1415	260
1416	260
677	261
678	261
876	261
908	261
950	261
1084	261
1214	261
1300	261
1358	261
1430	261
1431	261
1454	261
1556	261
1265	262
1262	263
1266	263
1453	264
1451	265
1452	265
1450	266
1459	266
1273	267
1283	267
1288	267
1289	267
1291	267
1293	267
1491	267
881	268
886	268
1272	268
1279	268
1281	268
672	269
1370	270
690	272
1310	272
1311	272
755	273
756	273
939	273
941	273
1284	274
1290	274
1292	274
1327	274
860	276
866	276
948	276
1201	276
1382	276
918	277
870	278
872	278
1413	278
1418	278
715	280
891	280
910	280
1273	280
1503	280
1505	280
1506	280
1508	280
1512	280
1514	280
885	281
1531	281
1533	281
924	283
1481	284
1557	284
1325	285
1303	286
603	288
605	288
611	288
615	288
619	288
637	288
643	288
645	288
651	288
670	288
680	288
689	288
691	288
702	288
718	288
724	288
737	288
756	288
763	288
819	288
862	288
864	288
870	288
881	288
921	288
939	288
982	288
1042	288
1044	288
1051	288
1055	288
1098	288
1140	288
1149	288
1196	288
1301	288
1317	288
1319	288
1339	288
1340	288
1344	288
1371	288
1376	288
1417	288
1452	288
1483	288
604	289
606	289
612	289
616	289
620	289
638	289
644	289
646	289
652	289
669	289
677	289
679	289
690	289
692	289
701	289
719	289
725	289
736	289
757	289
820	289
863	289
869	289
880	289
922	289
940	289
981	289
1043	289
1045	289
1052	289
1056	289
1074	289
1099	289
1141	289
1150	289
1197	289
1318	289
1320	289
1338	289
1341	289
1345	289
1377	289
1416	289
1453	289
1482	289
668	290
686	290
688	290
704	290
720	290
726	290
749	290
765	290
828	290
872	290
879	290
941	290
985	290
1030	290
1103	290
1116	290
1118	290
1203	290
1219	290
1236	290
1246	290
1248	290
1305	290
1337	290
1343	290
1349	290
1394	290
1477	290
667	291
678	291
685	291
687	291
703	291
721	291
727	291
764	291
827	291
871	291
878	291
926	291
927	291
928	291
942	291
984	291
1029	291
1075	291
1102	291
1117	291
1119	291
1144	291
1202	291
1218	291
1235	291
1245	291
1247	291
1336	291
1342	291
1348	291
1393	291
1476	291
1504	291
701	292
703	292
787	292
839	292
914	292
953	292
1183	292
1212	292
1213	292
1223	292
1236	292
1288	292
1407	292
1513	292
1516	292
1534	292
728	293
732	293
926	293
927	293
928	293
1041	293
1191	293
1228	293
1230	293
1262	293
1400	293
1519	293
1551	293
1518	294
1461	296
1525	297
1284	298
1537	299
1526	300
1131	301
1410	301
1411	301
1542	301
1543	301
1544	301
1093	302
991	303
992	303
1006	303
1091	303
1092	303
1545	303
1135	304
1137	304
1139	304
990	305
1123	305
1129	305
1130	305
1134	305
1136	305
1409	306
1090	307
1122	307
1138	307
1407	307
1412	307
1556	307
1300	308
1463	308
1437	312
1438	312
1199	313
1200	313
1215	313
688	314
689	314
1312	315
1313	315
1000	317
1446	318
1457	318
912	319
1089	320
1090	320
1097	320
992	321
1006	321
1205	322
1206	322
1202	323
1207	323
1198	324
1203	324
1087	325
1088	325
1356	326
1186	327
1189	327
1212	328
1464	331
1507	331
1038	332
1278	334
1280	334
1040	335
714	336
717	336
937	337
1047	338
1282	339
1285	339
1515	339
1466	340
1467	340
1490	341
929	342
930	342
931	342
1395	342
1396	342
1397	342
1492	342
1383	343
1384	343
1222	344
705	345
925	346
760	347
761	347
684	348
631	349
636	349
829	350
732	351
922	351
923	351
748	353
982	354
1112	354
1179	354
1181	354
1239	354
634	355
663	355
613	356
628	356
626	358
641	358
609	360
632	360
622	362
649	362
624	364
661	364
617	365
630	365
749	368
816	368
889	368
1051	368
1056	368
1532	368
840	369
750	370
1052	370
1053	370
1201	370
1293	370
1316	370
735	371
646	372
647	372
768	372
608	374
636	374
648	374
654	374
656	374
658	374
660	374
681	374
751	374
758	374
768	374
780	374
781	374
944	374
1054	374
1086	374
1096	374
1204	374
1221	374
1279	374
1306	374
1311	374
1365	374
1374	374
1468	374
779	376
780	376
1239	377
1240	377
788	379
794	379
964	379
1419	379
786	380
789	380
790	380
791	380
793	380
1491	380
1390	381
1296	382
1299	382
1495	383
1496	383
835	384
836	384
834	385
1555	385
856	388
1171	388
1172	388
911	389
1264	391
777	392
1471	392
1559	393
901	394
633	396
660	396
907	398
948	399
1184	399
1185	399
779	402
780	402
1545	403
993	404
936	405
908	406
914	406
919	406
932	406
759	407
943	407
1228	408
1286	409
1287	409
960	410
961	410
957	411
965	412
968	412
967	413
966	414
906	415
971	415
970	416
972	416
969	417
975	418
978	418
977	419
976	420
986	421
987	422
1017	423
1020	423
1019	424
1026	424
1018	425
1021	426
1023	427
1024	427
1022	428
1025	428
1358	429
1460	429
627	430
656	430
962	432
963	432
974	433
979	434
1012	436
1014	436
1016	436
973	437
1355	438
706	439
1468	439
1223	441
1252	442
1253	442
1251	443
1250	444
832	445
1254	445
825	446
1164	447
1168	447
774	448
989	450
994	452
1007	452
1008	452
995	453
996	453
997	453
998	453
999	453
990	454
991	454
1009	454
1010	454
1055	456
1046	457
1165	459
988	461
1308	461
1519	462
1098	464
1110	465
735	466
754	466
955	466
1297	466
1429	466
775	467
1147	468
1259	469
1318	469
1317	470
1322	470
1542	471
1260	472
1098	473
1101	473
1270	473
1328	473
1331	473
1340	473
1333	474
1334	474
985	475
1178	475
1180	475
984	476
803	477
804	477
981	477
983	477
1155	477
1182	477
902	478
889	479
890	479
1143	479
1209	479
1221	479
1231	479
1436	479
1532	479
1171	480
1174	480
1123	484
1124	485
1175	486
1176	486
1177	487
1170	488
1254	489
1140	490
1400	490
1224	491
745	492
781	492
783	492
839	492
1141	492
1142	492
1306	492
1553	492
980	493
1261	493
1269	493
1439	493
1267	494
1268	494
728	498
733	498
1232	501
785	502
784	503
787	503
1302	503
762	504
763	504
782	504
1305	504
773	505
774	505
1147	505
916	506
917	506
1346	507
1365	507
1374	507
1479	507
1480	507
1558	507
608	509
625	509
709	510
1465	510
1173	513
1323	516
1211	517
1326	517
1328	518
1332	518
1336	518
1338	518
1342	518
623	520
654	520
1224	520
1360	521
1359	522
629	523
658	523
1148	525
1132	529
1167	530
1187	531
1192	531
1195	531
1197	531
1188	532
1193	532
602	533
707	533
715	533
752	533
773	533
784	533
789	533
793	533
819	533
826	533
831	533
879	533
885	533
944	533
952	533
963	533
979	533
1032	533
1037	533
1054	533
1079	533
1103	533
1108	533
1110	533
1165	533
1174	533
1186	533
1199	533
1203	533
1214	533
1219	533
1252	533
1258	533
1268	533
1276	533
1277	533
1299	533
1387	533
1408	533
1426	533
1437	533
1451	533
1472	533
1527	533
1548	533
757	534
758	534
875	534
944	534
1363	534
1472	534
692	535
699	535
1390	538
1392	538
638	539
639	539
621	540
640	540
1502	540
1503	540
1354	541
1397	543
1396	544
1050	546
1395	546
1505	546
884	547
887	547
813	548
818	548
900	548
1031	548
1035	548
1364	548
1399	549
1444	550
1442	551
1443	551
1226	552
1229	553
858	554
1258	555
1256	556
1257	556
915	557
920	557
921	557
1230	559
1403	561
1041	562
1404	562
640	563
696	563
751	563
775	563
842	563
877	563
938	563
954	563
1048	563
1091	563
1129	563
1139	563
1188	563
1402	563
1405	563
1420	563
1422	563
1440	563
1442	563
1463	563
1487	563
1495	563
675	564
745	564
814	564
815	564
933	564
940	564
942	564
1143	564
1288	564
1465	564
1469	564
1471	564
1473	564
1508	564
1513	564
1557	564
1166	565
905	566
1544	566
1484	567
1012	568
1014	568
1016	568
1488	568
1030	569
1033	569
1384	570
1502	571
1519	572
708	573
725	573
727	573
753	573
783	573
1286	573
1516	573
723	574
724	574
726	574
706	575
707	575
752	575
1231	575
1281	575
1498	576
1494	577
1517	577
1278	578
1392	578
1394	578
1514	578
1390	579
1391	579
1393	579
831	581
1292	582
1529	583
842	584
843	584
844	585
1530	585
1389	587
1391	587
1543	587
1527	588
1528	588
1536	588
1535	589
1521	590
1538	592
1406	594
1546	594
1551	595
837	596
866	596
1547	596
1553	596
1548	597
1549	597
837	598
838	598
1552	598
1550	599
1227	600
1462	601
160	601
184	601
533	601
171	602
185	602
84	603
289	603
85	604
288	604
137	605
289	605
63	606
288	606
374	607
509	607
137	608
193	608
34	609
235	610
360	610
132	611
289	611
34	612
288	612
33	613
235	614
356	614
128	615
289	615
33	616
288	616
35	617
235	618
365	618
134	619
289	619
35	620
288	620
221	621
362	621
220	622
540	622
221	623
364	623
220	624
520	624
221	625
358	625
220	626
509	626
221	627
356	627
220	628
430	628
221	629
365	629
220	630
523	630
221	631
360	631
220	632
349	632
221	633
355	633
220	634
396	634
349	635
374	635
134	636
193	636
289	637
539	637
84	638
235	638
288	638
184	639
540	639
563	639
185	640
193	640
539	640
62	641
235	642
358	642
133	643
289	643
62	644
288	644
289	645
372	645
244	646
288	646
374	647
193	648
372	648
64	649
235	650
362	650
136	651
289	651
64	652
288	652
374	653
520	653
136	654
193	654
374	655
430	655
133	656
193	656
374	657
523	657
128	658
193	658
374	659
396	659
132	660
193	660
63	661
235	662
364	662
244	663
235	664
355	664
60	665
57	666
39	667
290	667
60	668
291	668
39	669
288	669
60	670
289	670
114	671
269	671
42	672
258	672
42	673
235	673
39	674
57	675
191	675
113	676
564	676
258	677
288	677
258	678
290	678
243	679
288	679
114	680
289	680
97	681
193	681
114	682
235	682
374	682
235	683
348	683
97	684
166	685
235	685
290	685
165	686
291	686
235	687
290	687
314	687
94	688
258	688
291	688
114	689
272	689
289	689
235	690
288	690
314	690
289	691
535	691
97	692
288	692
114	693
242	693
112	694
258	694
165	695
563	695
185	696
242	696
94	697
184	697
166	698
112	699
191	699
535	700
235	701
258	701
288	701
114	702
289	702
292	702
235	703
258	703
290	703
114	704
291	704
292	704
439	705
575	705
193	706
345	706
185	707
193	707
573	707
183	708
533	708
575	708
191	709
345	709
8	710
88	710
116	711
8	712
88	712
88	713
116	713
280	714
533	714
235	715
336	715
114	716
336	716
140	717
258	717
140	718
289	718
88	719
288	719
140	720
291	720
88	721
290	721
258	722
574	722
114	723
144	723
289	724
573	724
235	725
288	725
574	725
291	726
573	726
235	727
290	727
574	727
150	728
293	729
498	729
145	730
150	731
191	732
498	732
293	733
351	733
371	734
466	734
145	735
235	735
146	736
288	736
147	737
235	737
289	737
218	738
258	738
114	739
146	739
59	740
221	740
148	741
220	741
235	741
147	742
59	743
235	743
492	744
564	744
218	745
152	746
184	746
151	747
185	747
352	748
533	748
291	749
370	749
184	750
374	750
563	750
185	751
193	751
370	751
193	752
233	752
573	752
221	753
466	753
273	754
235	755
466	755
289	756
534	756
273	757
288	757
193	758
407	758
235	759
347	759
407	760
504	761
235	762
347	762
114	763
191	763
289	763
54	764
290	764
61	765
291	765
55	766
183	766
54	767
185	767
61	768
193	768
235	769
372	769
374	769
51	770
183	770
55	771
185	771
183	772
191	772
505	772
533	772
51	773
185	773
467	774
563	774
448	775
505	775
458	776
563	776
235	777
234	778
392	778
376	779
193	780
374	780
376	780
402	780
193	781
273	781
492	782
573	782
504	783
12	784
502	784
503	785
533	785
292	786
503	786
235	787
380	787
380	788
533	788
12	789
379	789
379	790
568	790
183	791
184	791
185	792
380	792
13	793
379	793
380	794
533	794
183	795
185	795
5	796
6	796
7	797
5	798
6	798
7	799
8	799
5	800
6	800
8	801
7	802
477	802
16	803
7	804
477	805
16	806
183	806
17	807
185	807
8	808
183	808
19	809
8	810
17	811
19	812
185	813
564	813
183	814
548	814
191	815
368	815
564	816
548	817
116	818
139	819
289	819
7	820
288	820
533	820
88	821
185	821
139	822
183	822
116	823
88	824
181	825
183	825
533	825
185	826
258	826
446	826
162	827
290	827
181	828
291	828
446	829
563	829
183	830
533	830
581	830
162	831
185	831
258	831
93	832
184	832
185	833
445	833
384	834
235	835
385	835
596	836
598	836
235	837
384	837
191	838
292	838
492	838
235	839
598	839
292	840
370	840
563	841
584	841
142	842
152	842
183	843
585	843
185	844
584	844
101	845
184	845
143	846
185	846
142	847
184	847
101	848
185	848
183	849
184	850
185	850
183	851
224	851
184	852
233	852
185	853
224	853
183	854
233	854
238	855
292	855
5	856
235	857
388	857
184	858
185	858
276	859
596	859
258	860
260	860
114	861
276	861
235	862
258	862
289	862
260	863
288	863
235	864
258	864
276	865
596	865
235	866
249	866
1	867
235	867
260	868
278	869
288	869
1	870
289	870
278	871
290	871
1	872
291	872
252	873
292	873
258	874
534	874
114	875
252	875
184	876
251	876
258	876
563	876
185	877
252	877
261	877
253	878
290	878
533	878
155	879
291	879
268	880
288	880
253	881
289	881
155	882
183	882
185	883
252	883
281	884
533	884
235	885
547	885
183	886
547	886
185	887
268	887
368	888
479	888
245	889
162	890
280	890
161	891
235	891
479	891
533	892
554	892
117	893
533	893
247	894
258	894
21	895
114	895
16	896
183	896
19	897
183	897
19	898
183	898
235	899
548	899
116	900
354	901
478	901
354	902
475	902
184	903
183	904
192	904
235	905
415	905
538	905
183	906
417	906
232	907
258	908
389	908
564	908
78	909
191	909
235	909
7	910
282	910
319	911
563	911
74	912
319	913
389	914
564	914
191	915
235	915
506	915
557	916
114	917
277	917
258	918
506	918
557	919
406	920
191	921
289	921
351	921
288	922
557	922
114	923
283	923
258	924
351	924
127	925
563	925
104	926
235	926
290	926
105	927
235	927
290	927
102	928
235	928
290	928
106	929
341	929
103	930
341	930
194	931
341	931
149	932
564	932
406	933
107	934
191	934
190	935
545	935
183	936
337	936
187	937
563	937
192	938
337	938
191	939
289	939
564	939
273	940
288	940
191	941
291	941
564	941
273	942
290	942
183	943
374	943
533	943
534	943
185	944
193	944
407	944
183	945
186	945
185	946
190	946
185	947
186	947
254	948
533	948
249	949
466	949
183	950
258	950
399	950
533	950
184	951
250	951
563	951
276	952
399	952
183	953
399	953
533	953
185	954
252	954
254	954
250	955
292	956
564	956
586	956
292	957
594	957
292	958
578	958
586	958
292	959
564	959
578	959
183	960
190	960
292	961
599	961
292	962
435	962
95	963
379	963
432	964
533	964
183	965
414	965
185	966
412	966
183	967
412	967
185	968
413	968
185	969
415	969
183	970
415	970
183	971
415	971
292	972
427	972
183	973
427	973
292	974
437	974
183	975
420	975
185	976
418	976
183	977
418	977
185	978
419	978
95	979
493	979
434	980
533	980
288	981
354	981
289	982
477	982
476	983
533	983
290	984
475	984
291	985
476	985
183	986
422	986
185	987
421	987
463	988
564	988
186	989
454	989
301	990
451	990
306	991
321	991
301	992
404	992
11	993
224	993
450	994
455	994
28	995
450	995
29	996
450	996
30	997
450	997
31	998
450	998
32	999
450	999
20	1000
224	1000
10	1001
224	1001
25	1002
224	1002
26	1003
224	1003
27	1004
224	1004
27	1005
224	1005
301	1006
317	1006
9	1007
450	1007
24	1008
450	1008
224	1009
451	1009
224	1010
453	1010
436	1011
568	1011
95	1012
436	1013
568	1013
95	1014
96	1014
436	1015
568	1015
96	1016
183	1017
425	1017
185	1018
423	1018
183	1019
423	1019
185	1020
424	1020
183	1021
428	1021
185	1022
426	1022
181	1023
424	1023
183	1024
426	1024
427	1025
563	1025
161	1026
427	1026
124	1027
235	1027
123	1028
290	1029
569	1029
124	1030
291	1030
182	1031
533	1031
198	1032
235	1032
548	1032
141	1033
183	1033
185	1034
569	1034
332	1035
533	1035
123	1036
533	1036
182	1037
406	1038
533	1038
114	1039
335	1039
109	1040
209	1040
236	1041
560	1041
154	1042
289	1042
198	1043
288	1043
109	1044
289	1044
154	1045
288	1045
183	1046
338	1046
189	1047
563	1047
192	1048
338	1048
190	1049
546	1049
69	1050
189	1050
289	1051
370	1051
235	1052
288	1052
368	1052
224	1053
374	1053
533	1053
193	1054
233	1054
370	1054
289	1055
368	1055
288	1056
456	1056
200	1057
533	1057
202	1058
533	1058
199	1059
533	1059
183	1060
201	1060
214	1061
217	1061
7	1062
216	1062
174	1063
184	1063
214	1064
215	1065
7	1066
216	1066
198	1067
203	1067
215	1068
217	1069
198	1070
217	1070
7	1071
203	1071
225	1072
227	1073
231	1074
288	1074
231	1075
290	1075
211	1076
212	1077
230	1078
533	1078
211	1079
224	1079
212	1080
203	1081
227	1082
235	1082
230	1083
206	1084
258	1084
203	1085
261	1085
193	1086
325	1086
206	1087
374	1087
320	1088
325	1089
303	1090
563	1090
307	1091
320	1091
302	1092
303	1093
205	1094
206	1095
193	1096
320	1096
205	1097
374	1097
66	1098
289	1098
288	1099
464	1099
473	1099
258	1100
473	1100
66	1101
235	1101
82	1102
161	1102
183	1102
290	1102
533	1102
160	1103
162	1103
185	1103
258	1103
291	1103
160	1104
235	1104
82	1105
234	1105
183	1106
203	1106
83	1107
183	1107
533	1107
82	1108
185	1108
258	1108
183	1109
465	1109
533	1109
83	1110
185	1110
258	1110
120	1111
533	1111
119	1112
190	1112
188	1113
354	1113
178	1114
204	1115
235	1115
191	1116
215	1116
291	1116
178	1117
290	1117
204	1118
291	1118
208	1119
290	1119
7	1120
8	1121
305	1122
563	1122
301	1123
485	1123
481	1124
87	1125
533	1125
86	1126
208	1127
2	1128
533	1128
7	1129
307	1129
3	1130
301	1130
8	1131
305	1131
4	1132
183	1132
185	1133
529	1133
7	1134
304	1134
4	1135
305	1135
304	1136
305	1137
304	1138
563	1138
4	1139
307	1139
289	1140
492	1140
288	1141
490	1141
479	1142
564	1142
247	1143
492	1143
228	1144
290	1144
226	1145
227	1146
525	1147
468	1148
505	1148
125	1149
289	1149
8	1150
288	1150
280	1151
564	1151
183	1152
200	1152
185	1153
203	1153
7	1154
477	1154
200	1155
183	1156
208	1156
203	1157
208	1158
183	1159
200	1159
183	1160
208	1160
184	1161
200	1161
183	1162
203	1162
7	1163
447	1163
200	1164
139	1165
565	1165
7	1166
459	1166
533	1166
184	1167
208	1167
7	1168
447	1169
388	1170
480	1170
235	1171
488	1171
513	1172
5	1173
7	1174
486	1174
480	1175
533	1175
483	1176
487	1176
5	1177
482	1177
183	1178
354	1178
185	1179
475	1179
475	1180
221	1181
477	1181
220	1182
354	1182
183	1183
399	1183
185	1184
191	1184
292	1184
327	1185
533	1185
252	1186
399	1186
532	1187
563	1187
174	1188
531	1188
65	1189
235	1189
327	1190
236	1191
531	1191
65	1192
293	1192
191	1193
306	1193
221	1194
531	1194
65	1195
220	1195
289	1196
531	1196
65	1197
288	1197
114	1198
313	1198
533	1198
258	1199
324	1199
276	1200
370	1200
235	1201
313	1201
290	1202
324	1202
533	1202
291	1203
323	1203
193	1204
322	1204
258	1205
374	1205
183	1206
323	1206
185	1207
322	1207
23	1208
183	1208
533	1208
183	1209
473	1209
533	1209
292	1210
466	1210
292	1211
328	1211
258	1212
517	1212
183	1213
261	1213
533	1213
185	1214
258	1214
292	1214
276	1215
322	1215
183	1216
259	1216
185	1217
258	1217
260	1218
290	1218
533	1218
259	1219
291	1219
144	1220
191	1220
193	1221
241	1221
161	1222
292	1222
441	1222
162	1223
344	1223
193	1224
330	1224
235	1225
552	1225
292	1226
501	1226
191	1227
408	1227
191	1228
559	1228
234	1229
495	1229
235	1230
553	1230
153	1231
191	1231
193	1231
235	1232
600	1232
183	1233
224	1233
185	1234
232	1234
238	1235
290	1235
292	1235
232	1236
291	1236
221	1237
220	1238
79	1239
193	1239
70	1240
193	1240
295	1241
398	1241
398	1242
533	1242
176	1243
258	1243
179	1244
591	1244
177	1245
290	1245
179	1246
291	1246
180	1247
290	1247
177	1248
291	1248
258	1249
444	1249
443	1250
563	1250
442	1251
533	1251
235	1252
443	1252
445	1253
489	1253
442	1254
184	1255
556	1255
185	1256
233	1256
533	1257
555	1257
235	1258
556	1258
183	1259
472	1259
533	1259
191	1260
221	1260
355	1260
292	1261
601	1261
236	1262
246	1262
391	1263
246	1264
235	1265
263	1265
262	1266
493	1267
568	1267
13	1268
493	1268
494	1269
533	1269
235	1270
537	1270
235	1271
293	1271
113	1272
235	1272
292	1272
235	1273
255	1273
113	1274
256	1274
292	1274
183	1275
234	1275
533	1275
185	1276
235	1276
185	1277
234	1277
235	1277
267	1278
370	1278
193	1279
334	1279
268	1280
374	1280
193	1281
339	1281
268	1282
575	1282
274	1283
298	1283
172	1284
267	1284
409	1285
573	1285
256	1286
339	1286
267	1287
292	1287
564	1287
235	1288
409	1288
162	1289
274	1289
173	1290
267	1290
274	1291
582	1291
170	1292
267	1292
334	1293
578	1293
183	1294
239	1294
185	1295
237	1295
184	1296
466	1296
235	1297
382	1297
224	1298
382	1298
533	1298
233	1299
238	1299
252	1299
184	1300
232	1300
258	1300
563	1300
289	1301
308	1301
502	1302
568	1302
80	1303
190	1303
81	1304
183	1304
114	1305
191	1305
291	1305
193	1306
273	1306
188	1307
563	1307
463	1308
564	1308
5	1309
400	1309
234	1310
272	1310
193	1311
315	1311
272	1312
374	1312
111	1313
258	1313
114	1314
315	1314
168	1315
370	1315
164	1316
235	1316
289	1317
469	1317
235	1318
288	1318
470	1318
164	1319
235	1319
289	1319
111	1320
288	1320
258	1321
470	1321
114	1322
168	1322
5	1323
235	1324
516	1324
183	1325
212	1325
517	1326
342	1327
533	1327
563	1327
52	1328
473	1329
518	1329
210	1330
473	1330
52	1331
235	1331
474	1332
518	1333
52	1334
474	1335
53	1336
290	1336
291	1337
518	1337
53	1338
288	1338
289	1339
518	1339
52	1340
289	1340
53	1341
288	1341
473	1341
67	1342
235	1342
290	1342
291	1343
518	1343
240	1344
289	1344
67	1345
235	1345
288	1345
14	1346
162	1346
161	1347
507	1347
56	1348
290	1348
14	1349
291	1349
184	1350
213	1350
563	1350
184	1351
195	1351
186	1352
196	1352
533	1352
191	1353
541	1353
438	1354
563	1354
183	1355
193	1355
248	1356
279	1356
429	1357
563	1357
184	1358
258	1358
288	1358
563	1358
22	1359
563	1359
292	1360
522	1360
200	1361
203	1362
533	1362
183	1363
191	1363
548	1363
185	1364
534	1364
98	1365
193	1365
126	1366
98	1367
235	1367
115	1368
191	1368
114	1369
270	1369
115	1370
258	1370
110	1371
289	1371
115	1372
191	1372
41	1373
43	1374
193	1374
235	1375
374	1375
507	1375
41	1376
289	1376
40	1377
288	1377
40	1378
99	1379
235	1379
99	1380
235	1380
43	1381
73	1382
191	1382
156	1383
570	1383
156	1384
287	1384
183	1385
195	1385
185	1386
213	1386
192	1387
195	1387
256	1387
185	1388
438	1388
381	1389
538	1389
579	1389
118	1390
587	1390
235	1391
538	1391
578	1391
579	1392
587	1392
235	1393
290	1393
578	1393
291	1394
579	1394
341	1395
544	1395
341	1396
543	1396
341	1397
542	1397
190	1398
401	1398
490	1399
533	1399
236	1400
492	1400
188	1401
563	1401
70	1402
192	1402
183	1403
562	1403
185	1404
561	1404
533	1405
306	1406
563	1406
183	1407
192	1407
533	1407
185	1408
292	1408
307	1408
183	1409
301	1409
185	1410
306	1410
183	1411
307	1411
185	1412
301	1412
1	1413
221	1413
235	1414
260	1414
1	1415
258	1416
288	1416
235	1417
260	1417
289	1417
1	1418
221	1418
184	1419
563	1419
174	1420
379	1420
158	1421
563	1421
167	1422
174	1422
75	1423
76	1424
191	1424
77	1425
183	1425
533	1425
75	1426
185	1426
252	1426
76	1427
183	1427
533	1427
158	1428
466	1428
77	1429
175	1430
258	1430
563	1430
91	1431
183	1431
258	1431
533	1431
235	1432
238	1432
169	1433
162	1434
169	1434
82	1435
158	1435
183	1436
312	1436
533	1436
175	1437
185	1437
479	1437
159	1438
162	1438
232	1439
563	1439
174	1440
493	1440
551	1441
563	1441
174	1442
185	1442
550	1443
563	1443
163	1444
235	1445
550	1445
157	1446
158	1446
235	1447
318	1447
121	1448
235	1448
197	1449
265	1450
533	1450
235	1451
266	1451
264	1452
289	1452
235	1453
265	1453
288	1453
197	1454
258	1454
157	1455
261	1455
318	1456
163	1457
114	1458
266	1458
121	1459
258	1459
184	1460
288	1460
563	1460
22	1461
191	1461
563	1461
308	1462
563	1462
174	1463
601	1463
191	1464
546	1464
191	1465
340	1465
510	1466
564	1466
374	1467
439	1467
193	1468
340	1468
114	1469
247	1469
258	1470
564	1470
183	1471
533	1471
534	1471
185	1472
392	1472
564	1472
58	1473
191	1473
564	1474
58	1475
38	1476
290	1476
58	1477
291	1477
235	1478
507	1478
38	1479
114	1480
284	1480
258	1481
507	1481
38	1482
288	1482
58	1483
289	1483
183	1484
222	1484
185	1485
567	1485
220	1486
563	1486
185	1487
222	1487
183	1488
214	1488
185	1489
568	1489
267	1490
380	1490
235	1491
341	1491
36	1492
191	1492
342	1493
383	1494
563	1494
185	1495
577	1495
118	1496
183	1496
185	1497
383	1497
5	1498
15	1498
235	1499
576	1499
162	1500
280	1500
221	1501
571	1501
193	1502
329	1502
122	1503
191	1503
193	1503
219	1504
290	1504
331	1505
457	1505
190	1506
331	1506
188	1507
280	1507
125	1508
247	1508
280	1509
564	1509
88	1510
183	1510
8	1511
185	1511
235	1512
292	1512
564	1512
235	1513
280	1513
235	1514
256	1514
113	1515
292	1515
573	1515
235	1516
339	1516
577	1517
236	1518
293	1518
68	1519
235	1519
460	1519
508	1520
69	1521
89	1521
400	1521
92	1522
400	1522
92	1523
400	1523
400	1524
475	1524
183	1525
300	1525
185	1526
297	1526
95	1527
589	1527
183	1528
299	1528
184	1529
585	1529
185	1530
583	1530
368	1531
479	1531
281	1532
113	1533
235	1533
292	1533
235	1534
281	1534
533	1535
588	1535
183	1536
424	1536
183	1537
297	1537
71	1538
90	1538
526	1538
475	1539
526	1539
108	1540
526	1540
108	1541
526	1541
235	1542
426	1542
536	1542
235	1543
426	1543
538	1543
235	1544
426	1544
538	1544
301	1545
310	1545
234	1546
594	1546
183	1547
533	1547
597	1547
185	1548
191	1548
596	1548
191	1549
292	1549
183	1550
306	1550
37	1551
191	1551
236	1551
385	1551
492	1552
596	1552
598	1553
385	1554
37	1555
183	1556
192	1556
258	1556
533	1556
247	1557
507	1557
284	1558
564	1558
308	1559
309	1559
