1	2
1	3
1	4
1	5
1	6
1	7
1	8
1	9
1	10
1	11
1	12
13	14
13	15
13	16
13	17
13	18
13	19
13	20
13	21
13	22
13	23
13	24
13	25
13	26
13	27
13	28
13	29
13	30
13	31
13	32
13	33
13	34
13	35
13	36
13	37
13	38
13	39
13	40
13	41
13	42
13	43
14	18
14	19
14	20
14	22
14	23
14	24
14	25
14	26
14	27
14	28
14	29
14	43
14	342
44	15
44	45
44	46
44	47
44	48
44	49
44	50
44	51
44	52
44	53
44	54
44	55
44	56
44	57
44	58
44	59
44	60
44	61
44	62
44	63
44	64
44	65
44	66
44	67
44	68
44	69
44	70
44	71
44	72
44	73
44	74
44	75
44	76
44	77
44	78
44	79
44	80
44	81
44	82
44	83
44	84
44	85
44	86
44	87
45	44
45	46
45	58
45	73
45	74
45	75
45	76
45	77
45	78
45	79
45	80
45	81
45	82
45	83
45	84
45	85
45	86
45	418
45	419
45	420
45	421
45	422
45	423
45	424
45	425
45	426
45	427
45	428
45	429
45	430
45	431
45	432
45	433
46	59
46	60
46	61
46	66
46	73
46	76
46	77
46	78
46	79
46	80
46	81
46	83
88	16
88	17
88	89
88	90
91	92
91	93
91	94
91	95
91	96
91	97
98	16
98	17
98	89
98	90
99	100
101	15
101	56
101	57
101	102
101	103
101	104
102	15
102	40
102	56
102	57
102	89
102	97
102	106
102	107
102	108
102	109
102	110
102	111
102	112
102	113
102	114
102	115
102	116
102	117
102	118
102	119
102	120
102	121
102	122
102	123
102	124
102	125
102	126
102	127
102	128
102	129
102	130
102	131
102	132
102	133
102	134
102	135
102	136
102	137
102	138
102	139
102	140
102	141
102	142
102	143
102	144
102	145
102	146
102	147
102	148
102	149
102	150
102	151
102	152
102	153
102	154
102	155
102	156
102	157
102	158
102	159
102	160
102	161
102	162
102	163
102	164
102	165
102	166
102	167
102	168
102	169
102	170
102	171
102	172
102	173
102	174
102	175
102	176
102	177
102	178
102	179
102	180
102	181
102	182
102	183
102	184
102	185
102	186
102	187
102	188
102	189
102	190
102	191
102	192
102	193
102	194
105	103
105	104
106	313
106	330
106	331
106	332
106	333
106	334
106	335
106	336
106	337
106	338
106	339
106	340
107	197
107	198
107	213
107	343
107	345
107	346
107	556
107	557
107	558
107	559
107	565
107	566
107	567
107	568
107	569
107	570
107	571
107	572
107	573
107	574
107	575
107	576
107	577
107	578
107	579
107	580
107	581
107	582
107	583
107	584
107	585
107	586
107	587
107	588
107	589
107	590
107	591
107	592
107	593
107	594
107	595
107	596
107	597
107	598
107	599
107	600
108	15
108	16
108	17
108	40
108	56
108	57
108	89
108	110
108	120
108	121
108	122
108	123
108	128
108	167
108	168
108	169
108	170
108	171
108	172
108	187
108	191
108	192
108	326
108	447
108	601
108	602
108	603
109	205
109	674
109	675
109	676
109	677
110	40
110	89
110	90
110	120
110	121
110	122
110	123
110	208
111	190
195	196
195	197
195	198
195	199
195	200
195	201
195	202
195	203
195	204
205	15
205	16
205	40
205	56
205	57
205	89
205	90
205	118
205	120
205	121
205	122
205	123
205	124
205	125
205	126
205	206
205	207
205	208
205	209
205	210
205	211
205	212
205	213
205	214
205	215
205	216
205	217
205	218
205	219
205	220
205	221
205	222
205	223
205	224
205	225
205	226
205	227
205	228
205	229
205	230
205	231
205	232
205	233
205	234
205	235
205	236
205	237
206	209
206	327
206	328
206	329
206	434
206	435
206	436
206	437
206	438
206	439
206	440
206	441
206	442
206	443
206	444
206	445
206	446
206	447
238	239
238	240
241	242
241	243
241	244
245	246
247	99
247	100
248	100
249	238
250	106
250	251
250	252
250	253
250	254
250	255
250	256
250	257
250	258
250	259
250	260
250	261
250	262
250	263
250	264
250	265
250	266
250	267
251	13
251	268
251	269
268	45
268	127
268	270
268	271
268	272
268	273
268	274
268	275
268	276
268	277
268	278
268	279
268	280
268	281
268	282
268	283
268	284
268	285
268	286
268	287
268	288
268	289
268	290
268	291
268	292
268	293
268	294
268	295
268	296
268	297
268	298
268	299
268	300
301	302
301	303
301	304
305	306
305	307
305	308
305	309
305	310
311	312
311	313
314	312
314	313
315	47
315	48
315	50
315	51
315	52
315	53
315	54
315	55
315	316
315	317
315	318
315	319
315	320
315	321
315	322
315	323
315	324
325	47
325	48
325	50
325	51
325	52
325	53
325	54
325	55
325	316
325	317
325	318
325	319
325	320
325	321
325	322
325	323
325	324
326	40
326	47
326	48
326	49
326	54
326	55
326	72
326	133
326	134
326	206
326	327
326	328
326	329
341	102
341	108
341	342
341	343
341	344
341	345
341	346
342	330
342	332
342	448
342	449
342	450
342	451
342	452
342	453
342	454
342	455
342	456
342	457
342	458
342	459
342	460
342	461
342	462
342	463
342	464
342	465
342	466
342	467
342	468
343	40
343	89
343	120
343	121
343	122
343	346
343	555
343	556
343	557
343	558
343	559
343	560
347	348
347	349
347	350
351	102
351	108
351	352
352	342
352	343
352	389
353	13
353	14
353	18
353	19
353	20
353	22
353	23
353	24
353	25
353	26
353	27
353	28
353	29
353	43
353	342
353	354
353	355
353	356
353	357
353	358
353	359
353	360
353	361
353	362
353	363
353	364
353	365
353	366
353	367
353	368
353	369
353	370
353	371
353	372
353	373
353	374
353	375
353	376
353	377
353	378
354	353
355	353
379	31
379	32
379	33
379	34
379	37
379	38
379	39
379	68
379	69
379	70
379	71
379	233
379	380
379	381
379	382
379	383
379	384
379	385
379	386
379	387
379	388
379	389
379	390
379	391
379	392
379	393
379	394
379	395
379	396
379	397
379	398
379	399
379	400
379	401
379	402
379	403
379	404
379	405
379	406
379	407
379	408
379	409
379	410
379	411
412	18
412	19
412	20
412	22
412	23
412	24
412	25
412	26
412	27
412	28
412	29
412	43
412	381
412	382
412	413
412	414
412	415
412	416
412	417
434	206
448	107
448	345
448	346
448	365
448	469
448	470
448	471
448	472
448	473
448	474
448	475
448	476
448	477
448	478
448	479
448	480
448	481
448	482
448	483
448	484
448	485
448	486
448	487
448	488
448	489
448	490
448	491
448	492
448	493
448	494
448	495
448	496
448	497
448	498
448	499
448	500
448	501
448	502
448	503
448	504
448	505
448	506
448	507
448	508
448	509
448	510
448	511
448	512
448	513
448	514
448	515
448	516
448	517
448	518
448	519
448	520
448	521
448	522
448	523
448	524
448	525
448	526
448	527
448	528
448	529
448	530
448	531
448	532
469	107
469	668
470	533
470	669
471	476
471	517
471	518
471	519
471	520
471	521
471	522
472	681
533	1
533	534
533	535
533	536
533	537
533	538
539	18
539	19
539	20
539	22
539	23
539	24
539	25
539	26
539	27
539	28
539	29
539	43
539	59
539	60
539	61
539	67
539	73
539	76
539	77
539	78
539	79
539	80
539	81
539	102
539	367
539	450
539	451
539	452
539	511
539	540
541	542
541	543
541	544
541	545
541	546
547	206
547	326
547	327
547	328
547	329
547	447
547	548
547	549
547	550
547	551
547	552
547	553
547	554
555	343
555	561
555	562
555	563
555	564
565	346
565	514
565	515
565	516
565	529
565	530
565	531
565	532
604	18
604	19
604	20
604	22
604	23
604	24
604	25
604	26
604	27
604	28
604	29
604	40
604	43
604	67
604	99
604	100
604	108
604	367
604	449
604	450
604	451
604	452
604	453
604	454
604	455
604	456
604	457
604	458
604	459
604	460
604	461
604	462
604	463
604	464
604	465
604	466
604	467
604	468
604	605
604	606
604	607
604	608
604	609
604	610
604	611
604	612
604	613
604	614
604	615
604	616
604	617
604	618
604	619
604	620
604	621
604	622
604	623
604	624
604	625
604	626
604	627
604	628
604	629
604	630
604	631
604	632
604	633
604	634
604	635
604	636
604	637
604	638
604	639
640	641
640	642
643	644
643	645
646	126
647	108
648	102
649	43
649	353
650	102
650	108
650	126
650	190
650	651
650	652
650	653
654	389
654	390
654	391
654	392
654	655
654	656
654	657
654	658
654	659
654	660
654	661
654	662
654	663
664	665
664	666
665	461
665	664
665	666
665	667
668	568
670	671
670	672
673	555
674	675
674	676
674	677
678	353
679	353
680	555
682	683
682	684
682	685
686	605
686	687
688	326
688	689
689	688
690	111
691	326
691	688
691	689
