50 48
50 49
50 55
50 62
50 64
50 65
50 67
50 73
50 88
51 49
51 60
51 62
51 64
51 73
51 79
51 88
51 90
52 1
52 2
52 3
52 4
52 10
52 11
52 12
52 13
52 15
52 16
52 17
52 18
52 19
52 20
52 21
52 23
52 24
52 27
52 28
52 29
52 30
52 32
52 33
52 36
52 39
52 40
52 41
52 44
52 46
52 47
52 49
52 60
52 62
52 73
53 54
53 56
53 57
53 58
53 59
53 64
53 72
53 73
53 76
53 77
53 79
53 87
53 94
53 96
53 98
53 100
53 101
54 1
54 2
54 80
55 1
55 10
55 11
55 14
55 15
55 17
55 18
55 23
55 24
55 25
55 28
55 32
55 37
55 41
55 44
55 46
55 47
55 56
56 1
56 2
56 3
56 10
56 11
56 16
56 37
56 41
56 47
57 1
57 2
57 3
57 4
57 6
57 8
57 9
57 10
57 11
57 14
57 15
57 17
57 19
57 20
57 21
57 23
57 26
57 27
57 28
57 29
57 30
57 32
57 33
57 35
57 36
57 37
57 38
57 40
57 41
57 42
57 44
57 46
57 47
57 62
59 1
59 13
59 16
59 21
59 23
59 31
59 37
59 39
59 41
59 47
60 1
60 4
60 8
60 10
60 15
60 16
60 19
60 21
60 23
60 28
60 30
60 46
60 47
61 1
61 4
61 8
61 10
61 15
61 16
61 19
61 21
61 23
61 28
61 30
61 46
61 47
62 1
62 4
62 5
62 10
62 15
62 16
62 17
62 20
62 23
62 24
62 28
62 31
62 32
62 33
62 41
62 46
63 1
63 4
63 5
63 10
63 15
63 16
63 20
63 21
63 28
63 30
63 37
63 41
63 46
64 1
64 2
64 4
64 10
64 16
64 21
64 23
64 32
64 41
64 46
64 47
65 1
65 3
65 15
65 20
65 23
65 41
65 45
66 1
66 4
66 15
66 16
66 21
66 22
66 23
66 25
66 41
66 42
67 1
67 4
67 15
67 16
67 21
67 22
67 23
67 25
67 41
67 42
68 1
68 4
68 5
68 10
68 15
68 16
68 17
68 20
68 23
68 24
68 28
68 31
68 32
68 33
68 41
68 46
69 49
69 60
69 65
69 67
69 70
69 96
70 1
70 4
70 5
70 10
70 15
70 16
70 20
70 21
70 28
70 30
70 37
70 41
70 46
71 1
71 2
71 3
71 4
71 8
71 10
71 11
71 17
71 19
71 27
71 28
71 32
71 34
71 36
71 37
71 40
71 42
71 44
71 47
72 49
72 51
72 57
72 60
72 61
72 62
72 64
72 73
72 79
72 96
72 100
73 1
73 2
73 3
73 4
73 5
73 6
73 8
73 10
73 11
73 14
73 15
73 16
73 17
73 19
73 20
73 21
73 23
73 24
73 25
73 28
73 29
73 32
73 34
73 37
73 39
73 41
73 45
73 46
73 47
74 1
74 2
74 3
74 10
74 11
74 15
74 17
74 18
74 20
74 21
74 23
74 26
74 29
74 31
74 32
74 36
74 40
74 41
74 42
74 46
74 47
75 1
75 2
75 4
75 10
75 11
75 14
75 15
75 16
75 17
75 18
75 19
75 20
75 23
75 28
75 29
75 30
75 32
75 33
75 36
75 39
75 40
75 41
75 42
75 44
75 46
75 47
76 1
76 2
76 4
76 10
76 11
76 14
76 15
76 16
76 17
76 18
76 19
76 20
76 23
76 28
76 29
76 30
76 32
76 33
76 36
76 39
76 40
76 41
76 42
76 44
76 46
76 47
77 1
77 2
77 3
77 4
77 5
77 10
77 11
77 15
77 16
77 20
77 23
77 27
77 30
77 33
77 41
77 47
78 1
78 2
78 3
78 4
78 7
78 10
78 11
78 12
78 14
78 15
78 16
78 17
78 18
78 19
78 20
78 22
78 23
78 24
78 28
78 29
78 30
78 31
78 32
78 33
78 34
78 36
78 37
78 40
78 41
78 42
78 44
78 46
78 47
78 62
78 64
78 65
78 73
79 1
79 3
79 4
79 6
79 10
79 15
79 16
79 17
79 19
79 20
79 22
79 23
79 24
79 26
79 28
79 33
79 34
79 36
79 37
79 39
79 41
79 46
79 47
80 49
80 84
81 60
82 60
83 49
83 51
83 60
83 62
83 72
83 83
83 84
83 88
84 1
84 2
84 3
84 4
84 10
84 11
84 12
84 14
84 15
84 16
84 17
84 20
84 21
84 23
84 26
84 28
84 29
84 31
84 32
84 33
84 34
84 36
84 42
84 44
84 46
84 47
84 75
85 1
85 3
85 4
85 10
85 11
85 15
85 16
85 20
85 23
85 27
85 28
85 29
85 30
85 36
85 44
85 46
86 1
86 2
86 3
86 4
86 10
86 11
86 12
86 15
86 16
86 17
86 18
86 19
86 20
86 23
86 24
86 27
86 29
86 30
86 31
86 33
86 40
86 43
86 47
87 1
87 2
87 3
87 4
87 10
87 11
87 12
87 15
87 16
87 17
87 19
87 21
87 22
87 23
87 27
87 28
87 30
87 32
87 33
87 34
87 36
87 37
87 39
87 41
87 42
87 44
87 46
87 47
88 1
88 2
88 3
88 4
88 5
88 6
88 8
88 10
88 11
88 14
88 15
88 16
88 17
88 19
88 20
88 21
88 23
88 24
88 25
88 28
88 29
88 32
88 34
88 37
88 39
88 41
88 45
88 46
88 47
89 1
89 2
89 3
89 10
89 11
89 15
89 17
89 19
89 20
89 24
89 29
89 31
89 32
89 33
89 36
89 41
89 44
89 46
89 47
89 73
90 49
90 84
90 100
91 1
91 2
91 10
91 11
91 17
91 19
91 20
91 22
91 24
91 27
91 29
91 32
91 34
91 35
91 36
91 40
91 41
91 42
91 44
91 47
92 49
92 51
92 65
92 70
93 1
93 3
93 6
93 10
93 11
93 14
93 15
93 17
93 18
93 20
93 21
93 23
93 24
93 27
93 30
93 32
93 34
93 37
93 41
93 44
93 46
93 47
93 73
93 84
94 60
94 73
95 1
95 2
95 3
95 4
95 5
95 6
95 7
95 8
95 10
95 11
95 14
95 15
95 16
95 18
95 20
95 21
95 23
95 24
95 28
95 29
95 30
95 32
95 33
95 36
95 37
95 41
95 43
95 46
95 47
95 64
95 84
95 86
96 1
96 2
96 3
96 4
96 5
96 6
96 7
96 8
96 10
96 11
96 14
96 15
96 16
96 18
96 20
96 21
96 23
96 24
96 28
96 29
96 30
96 32
96 33
96 36
96 37
96 41
96 43
96 46
96 47
96 64
96 84
96 86
97 1
97 2
97 10
97 11
97 17
97 19
97 20
97 22
97 24
97 27
97 29
97 32
97 34
97 35
97 36
97 40
97 41
97 42
97 44
97 47
98 49
98 51
98 60
98 62
98 72
98 83
98 84
98 88
99 1
99 2
99 3
99 4
99 10
99 11
99 12
99 13
99 15
99 16
99 17
99 18
99 19
99 20
99 21
99 23
99 24
99 27
99 28
99 29
99 30
99 32
99 33
99 36
99 39
99 40
99 41
99 44
99 46
99 47
99 49
99 60
99 62
99 73
100 49
100 84
101 1
101 2
101 3
101 4
101 7
101 8
101 10
101 11
101 14
101 15
101 17
101 19
101 21
101 22
101 23
101 26
101 28
101 29
101 30
101 31
101 32
101 33
101 36
101 37
101 39
101 40
101 42
101 44
101 46
101 47
101 73
102 1
102 2
102 3
102 4
102 5
102 10
102 11
102 12
102 14
102 15
102 16
102 17
102 18
102 19
102 20
102 21
102 22
102 23
102 24
102 25
102 26
102 28
102 29
102 30
102 31
102 32
102 33
102 36
102 37
102 39
102 40
102 41
102 42
102 44
102 46
102 47
102 56
102 73
102 87
103 49
103 50
103 51
103 58
103 71
103 73
103 75
103 80
103 87
103 93
103 96
103 102
104 51
104 52
104 60
104 64
104 65
104 71
104 73
104 77
104 80
104 82
104 94
104 96
105 49
105 50
105 51
105 52
105 58
105 60
105 62
105 63
105 64
105 65
105 69
105 70
105 72
105 73
105 80
105 82
105 84
105 92
105 93
105 94
105 96
105 97
105 98
105 99
105 102
106 54
106 57
106 71
106 75
106 78
106 90
106 96
107 49
107 50
107 51
107 52
107 53
107 54
107 55
107 57
107 60
107 61
107 64
107 65
107 70
107 71
107 72
107 73
107 77
107 80
107 82
107 84
107 93
107 94
107 96
107 98
107 101
107 102
