1 94
59 1
59 2
59 3
59 4
59 5
59 8
59 10
59 11
59 12
59 14
59 15
59 17
59 19
59 21
59 22
59 23
59 24
59 25
59 26
59 30
59 32
59 33
59 34
59 36
59 38
59 39
59 47
59 49
59 50
59 51
59 54
59 56
59 57
59 58
59 63
59 69
59 72
60 1
60 2
60 4
60 5
60 8
60 10
60 11
60 12
60 14
60 15
60 17
60 19
60 20
60 21
60 22
60 24
60 26
60 28
60 29
60 30
60 32
60 33
60 34
60 35
60 36
60 37
60 38
60 39
60 41
60 43
60 44
60 46
60 47
60 48
60 50
60 51
60 53
60 56
60 57
60 58
60 72
61 69
61 75
62 1
62 4
62 5
62 8
62 10
62 11
62 12
62 14
62 15
62 17
62 19
62 21
62 23
62 24
62 25
62 26
62 27
62 28
62 30
62 33
62 34
62 36
62 38
62 39
62 43
62 44
62 46
62 47
62 49
62 51
62 54
62 55
62 56
62 57
62 58
66 1
67 1
69 1
70 1
71 1
72 1
73 1
73 2
73 4
73 5
73 6
73 10
73 11
73 14
73 15
73 19
73 20
73 21
73 22
73 26
73 29
73 30
73 33
73 34
73 38
73 39
73 41
73 46
73 47
73 48
73 49
73 50
73 51
73 53
73 54
73 56
73 57
73 58
75 1
75 4
75 5
75 8
75 10
75 11
75 15
75 17
75 19
75 20
75 25
75 29
75 30
75 34
75 37
75 38
75 39
75 47
75 51
75 56
75 58
76 1
76 4
76 5
76 8
76 10
76 11
76 15
76 25
76 30
76 38
76 43
78 1
78 2
78 4
78 5
78 10
78 11
78 12
78 15
78 19
78 21
78 25
78 26
78 28
78 30
78 32
78 33
78 34
78 38
78 39
78 46
78 51
78 56
78 57
78 58
82 1
82 4
82 5
82 8
82 10
82 11
82 12
82 13
82 14
82 15
82 17
82 18
82 19
82 21
82 23
82 25
82 26
82 30
82 31
82 32
82 33
82 34
82 37
82 38
82 39
82 40
82 44
82 45
82 47
82 48
82 49
82 50
82 51
82 53
82 54
82 55
82 56
82 57
82 58
83 1
83 4
83 5
83 7
83 10
83 11
83 12
83 14
83 15
83 16
83 17
83 19
83 22
83 23
83 24
83 25
83 26
83 27
83 29
83 30
83 32
83 33
83 34
83 36
83 37
83 38
83 39
83 40
83 41
83 43
83 44
83 46
83 47
83 48
83 49
83 50
83 51
83 53
83 56
83 57
83 58
84 1
84 2
84 5
84 10
84 11
84 13
84 15
84 21
84 24
84 25
84 30
84 32
84 33
84 34
84 38
84 45
84 47
84 49
84 50
84 51
84 56
84 57
85 1
85 4
85 5
85 10
85 11
85 14
85 15
85 16
85 17
85 19
85 25
85 26
85 28
85 30
85 32
85 33
85 34
85 37
85 38
85 39
85 47
85 49
85 51
85 52
85 53
85 54
85 56
85 57
85 58
86 1
86 4
86 5
86 6
86 8
86 10
86 11
86 12
86 13
86 14
86 19
86 20
86 25
86 26
86 29
86 30
86 31
86 33
86 34
86 36
86 37
86 38
86 39
86 42
86 45
86 46
86 47
86 49
86 50
86 51
86 53
86 54
86 55
86 56
86 57
86 58
89 1
89 2
89 4
89 5
89 8
89 10
89 11
89 14
89 15
89 19
89 20
89 22
89 23
89 25
89 30
89 32
89 33
89 34
89 36
89 38
89 39
89 44
89 46
89 48
89 56
89 57
89 58
90 1
91 1
92 3
92 59
92 60
92 61
92 62
92 63
92 73
92 74
92 75
92 76
92 77
92 79
92 84
92 85
92 86
92 87
92 88
92 89
